0.689963 9.97046
0.68801 9.83647
0.685979 9.71345
0.684026 9.59901
0.681994 9.49172
0.680041 9.38205
0.678088 9.28095
0.676057 9.17605
0.674104 9.08688
0.672151 8.99676
0.67012 8.91284
0.668166 8.81985
0.666136 8.74403
0.664183 8.65773
0.66223 8.58048
0.660198 8.5018
0.658245 8.4174
0.656214 8.35446
0.654261 8.27578
0.652308 8.20235
0.650276 8.13464
0.648323 8.06168
0.646292 7.99301
0.644339 7.93007
0.642385 7.86474
0.640354 7.79703
0.638401 7.73409
0.636448 7.66876
0.634417 7.60439
0.632463 7.54145
0.630432 7.49186
0.628479 7.42701
0.626526 7.36835
0.624495 7.30923
0.622541 7.24867
0.62051 7.19622
0.618557 7.13518
0.616604 7.08654
0.614573 7.02551
0.612619 6.97449
0.610588 6.91631
0.608635 6.87339
0.606682 6.81999
0.60465 6.75752
0.602697 6.70745
0.600666 6.65405
0.598713 6.60875
0.59676 6.55916
0.594728 6.49955
0.592775 6.45807
0.590822 6.40419
0.588791 6.35078
0.586838 6.3112
0.584807 6.2659
0.582854 6.22108
0.580901 6.16529
0.57887 6.11713
0.576917 6.0909
0.574885 6.03225
0.572932 5.98695
0.570979 5.9407
0.568948 5.89492
0.566995 5.86059
0.564963 5.80337
0.56301 5.7533
0.561057 5.72326
0.559026 5.67844
0.557073 5.63266
0.555041 5.5907
0.553088 5.54492
0.551135 5.51106
0.549104 5.46529
0.547151 5.42953
0.545197 5.37469
0.543166 5.33845
0.541213 5.29649
0.539182 5.255
0.537229 5.22449
0.535275 5.18348
0.533244 5.14056
0.531291 5.10718
0.52926 5.05855
0.527307 5.01849
0.525353 4.97987
0.523322 4.93361
0.521369 4.89928
0.519338 4.87306
0.517385 4.82203
0.515431 4.78913
0.5134 4.74956
0.511447 4.70616
0.509494 4.67422
0.507463 4.63511
0.505509 4.5984
0.503478 4.56407
0.501525 4.50923
0.499572 4.48777
0.497541 4.45058
0.495588 4.40909
0.493557 4.37667
0.491604 4.33995
0.489651 4.30228
0.487619 4.26795
0.485666 4.22884
0.483635 4.19499
0.481682 4.15255
0.479729 4.11345
0.477697 4.08484
0.475744 4.04192
0.473713 4.00759
0.47176 3.97898
0.469807 3.93464
0.467775 3.89554
0.465822 3.86073
0.463869 3.82353
0.461838 3.78968
0.459885 3.75678
0.457853 3.72244
0.4559 3.67762
0.453947 3.64949
0.451916 3.60705
0.449963 3.57272
0.447931 3.53743
0.445978 3.49785
0.444025 3.45208
0.441994 3.42299
0.440041 3.38103
0.438009 3.35194
0.436056 3.30569
0.434103 3.27422
0.432072 3.23321
0.430119 3.20364
0.428087 3.15596
0.426134 3.11876
0.424181 3.07966
0.42215 3.04676
0.420197 3.00385
0.418243 2.96618
0.416212 2.92707
0.414259 2.88702
0.412229 2.84744
0.410275 2.81025
0.408322 2.7659
0.406291 2.71965
0.404338 2.68198
0.402307 2.64383
0.400353 2.58995
0.3984 2.55133
0.396369 2.50698
0.394416 2.45882
0.392385 2.41447
0.390431 2.37728
0.388478 2.32054
0.386447 2.27333
0.384494 2.22517
0.382541 2.167
0.380509 2.12694
0.378556 2.07306
0.376525 2.03205
0.374572 1.96577
0.372619 1.92381
0.370587 1.85752
0.368634 1.79697
0.366603 1.73498
0.36465 1.68014
0.362697 1.6172
0.360665 1.55855
0.358712 1.47796
0.356681 1.43266
0.354728 1.34874
0.352775 1.2815
0.350743 1.20187
0.34879 1.13416
0.346759 1.04928
0.344806 0.971084
0.342853 0.886207
0.340821 1.05374
0.338868 0.78778
0.336915 0.64533
0.334884 0.565841
0.332931 0.472047
0.3309 0.362326
0.328947 0.243546
0.326994 0.130296
0.324963 0.010705
0.323009 -0.110126
0.320978 -0.237251
0.319025 -0.383736
0.317072 -0.507524
0.315041 -0.648811
0.313087 -0.796297
0.311056 -0.953464
0.309103 -1.1256
0.30715 -1.29145
0.305119 -1.46726
0.303165 -1.64736
0.301134 -1.83647
0.299181 -2.03651
0.297228 -2.23111
0.295197 -2.43143
0.293243 -2.64634
0.29129 -2.8911
0.289259 -3.13624
0.287306 -3.38596
0.285275 -3.65228
0.283321 -3.90572
0.281368 -4.21323
0.279337 -4.48994
0.277384 -4.79721
0.275352 -5.11326
0.273399 -5.43213
0.271446 -5.7877
0.269415 -6.15115
0.267462 -5.97408
0.26543 -6.72955
0.263477 -7.19955
0.261524 -7.59342
0.259493 -8.01447
0.25754 -8.44649
0.255587 -8.91427
0.253555 -9.38491
0.251602 -9.87176
0.249571 -10.3825
0.247618 -10.9127
0.245665 -11.4434
0.243634 -11.9813
0.241681 -12.5492
0.23965 -13.1357
0.237697 -13.7399
0.235744 -14.3307
0.233712 -14.9577
0.231759 -15.6139
0.229728 -16.2814
0.227775 -16.9614
0.225821 -17.6309
0.22379 -18.3528
0.221837 -19.0714
0.219806 -19.7752
0.217853 -20.4685
0.215899 -21.2205
0.213868 -21.9849
0.211915 -22.7774
0.209962 -23.5098
0.207931 -24.3586
0.205977 -25.1478
0.203946 -25.9603
0.201993 -26.7809
0.20004 -27.5797
0.198009 -28.4141
0.196055 -29.2414
0.194024 -30.0516
0.192071 -30.9299
0.190118 -31.7382
0.188087 -32.5912
0.186133 -33.419
0.184102 -34.2778
0.182149 -35.1023
0.180196 -35.9429
0.178164 -36.6954
0.176211 -37.5132
0.17418 -38.3438
0.172227 -39.1482
0.170274 -39.9369
0.168242 -40.7085
0.166289 -41.489
0.164336 -42.2649
0.162305 -42.9868
0.160352 -43.7149
0.158321 -44.4259
0.156368 -45.0982
0.154415 -45.8054
0.152384 -46.4811
0.150431 -47.1334
0.148399 -47.7557
0.146446 -48.3322
0.144493 -48.9582
0.142462 -49.5381
0.140509 -50.064
0.138477 -50.517
0.136524 -50.9843
0.134571 -51.5375
0.13254 -51.98
0.130587 -52.4191
0.128633 -52.8073
0.126602 -53.1816
0.124649 -53.5741
0.122618 -53.926
0.120665 -54.1978
0.118711 -54.5273
0.11668 -54.7599
0.114727 -55.0184
0.112696 -55.242
0.110743 -55.4728
0.108789 -55.6426
0.106758 -55.7961
0.104805 -55.9225
0.102774 -56.076
0.100821 -56.1661
0.0988674 -56.2048
0.0968361 -56.2668
0.094883 -56.3211
0.0928516 -56.3583
0.0908985 -56.3802
0.0889454 -56.3578
0.0869141 -56.333
0.0849609 -56.3106
0.0830078 -56.2415
0.0809765 -56.1909
0.0790234 -56.0817
0.076993 -56.0097
0.0750389 -55.9115
0.0730858 -55.7852
0.0710554 -55.6817
0.0691023 -55.5453
0.067071 -55.3789
0.0651178 -55.2401
0.0631647 -55.0608
0.0611334 -54.9087
0.0591803 -54.6808
0.0571489 -54.5001
0.0551958 -54.3127
0.0532427 -54.1267
0.0512114 -53.9317
0.0492582 -53.7262
0.0472269 -53.4968
0.0452738 -53.3042
0.0433207 -53.0648
0.0412893 -52.8574
0.0393362 -52.6089
0.0373831 -52.4001
0.0353518 -52.1898
0.0333986 -51.959
0.0313673 -51.7067
0.0294142 -51.4865
0.0274611 -51.2595
0.0254297 -51.0215
0.0234766 -50.7712
0.0214453 -50.5337
0.0194921 -50.2729
0.017539 -50.0526
0.0155077 -49.8094
0.0135546 -49.5729
0.0115232 -49.3307
0.00957012 -49.0999
0.007617 -48.8734
0.00558567 -48.6297
0.00363255 -48.3956
0.00167942 -48.17
-0.000351906 -47.923
-0.00230503 -47.7189
-0.00433636 -47.4963
-0.00628948 -47.2545
-0.00824261 -47.0361
-0.010273 -46.8053
-0.0122261 -46.6093
-0.0142574 -46.3771
-0.0162106 -46.1535
-0.0181637 -45.9442
-0.020195 -45.6776
-0.0221481 -45.5031
-0.0241795 -45.3004
-0.0261326 -45.0615
-0.0280857 -44.877
-0.030117 -44.67
-0.0320702 -44.4669
-0.0341015 -44.2638
-0.0360546 -44.0745
-0.0380077 -43.8728
-0.0400391 -43.6744
-0.0419922 -43.4708
-0.0439453 -43.3025
-0.0459766 -43.1179
-0.0479298 -42.9339
-0.0499611 -42.7322
-0.0519142 -42.5529
-0.0538673 -42.3702
-0.0558987 -42.2076
-0.0578518 -42.0117
-0.0598831 -41.8371
-0.0618362 -41.6702
-0.0637894 -41.4933
-0.0658207 -41.3312
-0.0677738 -41.1581
-0.0698051 -41.0074
-0.0717583 -40.8367
-0.0737114 -40.6651
-0.0757427 -40.5201
-0.0776958 -40.3561
-0.0797272 -40.204
-0.0816803 -40.0533
-0.0836334 -39.8888
-0.0856647 -39.7615
-0.0876179 -39.6093
-0.089571 -39.4525
-0.0916023 -39.3151
-0.0935555 -39.1668
-0.0955858 -39.0328
-0.0975389 -38.8917
-0.0994921 -38.7234
-0.0975389 -37.7387
-0.0955858 -37.0792
-0.0935555 -36.5499
-0.0916023 -36.0903
-0.089571 -35.6826
-0.0876179 -35.2892
-0.0856647 -34.9444
-0.0836334 -34.5906
-0.0816803 -34.2716
-0.0797272 -33.9688
-0.0776958 -33.6675
-0.0757427 -33.3799
-0.0737114 -33.0919
-0.0717583 -32.8168
-0.0698051 -32.5517
-0.0677738 -32.2994
-0.0658207 -32.0452
-0.0637894 -31.8021
-0.0618362 -31.5698
-0.0598831 -31.3267
-0.0578518 -31.1006
-0.0558987 -30.8903
-0.0538673 -30.6472
-0.0519142 -30.4402
-0.0499611 -30.1965
-0.0479298 -30.0111
-0.0459766 -29.7879
-0.0439453 -29.5876
-0.0419922 -29.3673
-0.0400391 -29.1618
-0.0380077 -28.9701
-0.0360546 -28.7694
-0.0341015 -28.5791
-0.0320702 -28.3874
-0.030117 -28.1933
-0.0280857 -28.0036
-0.0261326 -27.8061
-0.0241795 -27.6316
-0.0221481 -27.4504
-0.020195 -27.2416
-0.0181637 -27.0966
-0.0162106 -26.9035
-0.0142574 -26.7404
-0.0122261 -26.5425
-0.010273 -26.3461
-0.00824261 -26.1963
-0.00628948 -26.0147
-0.00433636 -25.8397
-0.00230503 -25.6547
-0.000351906 -25.4692
0.00167942 -25.318
0.00363255 -25.1406
0.00558567 -24.9723
0.007617 -24.8064
0.00957012 -24.618
0.0115232 -24.454
0.0135546 -24.2866
0.0155077 -24.1183
0.017539 -23.9471
0.0194921 -23.775
0.0214453 -23.629
0.0234766 -23.4421
0.0254297 -23.2795
0.0274611 -23.1088
0.0294142 -22.9352
0.0313673 -22.7531
0.0333986 -22.5886
0.0353518 -22.4331
0.0373831 -22.2476
0.0393362 -22.0698
0.0412893 -21.9067
0.0433207 -21.7317
0.0452738 -21.5686
0.0472269 -21.3774
0.0492582 -21.2086
0.0512114 -21.0379
0.0532427 -20.8605
0.0551958 -20.6784
0.0571489 -20.4986
0.0591803 -20.3207
0.0611334 -20.1634
0.0631647 -19.9579
0.0651178 -19.7781
0.067071 -19.5897
0.0691023 -19.4028
0.0710554 -19.2011
0.0730858 -18.9923
0.0750389 -18.8049
0.076993 -18.606
0.0790234 -18.3981
0.0809765 -18.2083
0.0830078 -17.999
0.0849609 -17.7849
0.0869141 -17.5737
0.0889454 -17.3586
0.0908985 -17.1493
0.0928516 -16.9075
0.094883 -16.6801
0.0968361 -16.4474
0.0988674 -16.2285
0.100821 -16.0087
0.102774 -15.7655
0.104805 -15.4827
0.106758 -15.2481
0.108789 -14.9921
0.110743 -14.7431
0.112696 -14.4518
0.114727 -14.1757
0.11668 -13.8834
0.118711 -13.6169
0.120665 -13.3093
0.122618 -13.026
0.124649 -12.7075
0.126602 -12.3885
0.128633 -12.0647
0.130587 -11.7519
0.13254 -11.4024
0.134571 -11.0767
0.136524 -10.6771
0.138477 -10.35
0.140509 -10.0191
0.142462 -9.64288
0.144493 -9.23613
0.146446 -8.82271
0.148399 -8.43647
0.150431 -8.02019
0.152384 -7.57816
0.154415 -7.14472
0.156368 -6.68218
0.158321 -6.2454
0.160352 -5.77667
0.162305 -5.3065
0.164336 -4.83062
0.166289 -4.32564
0.168242 -3.81257
0.170274 -3.30664
0.172227 -2.7783
0.17418 -2.24377
0.176211 -1.69111
0.178164 -1.12701
0.180196 -0.611544
0.182149 -0.0283718
0.184102 0.560045
0.186133 1.17469
0.188087 0.946883
0.190118 3.3657
0.192071 2.79482
0.194024 3.43403
0.196055 4.0542
0.198009 4.71763
0.20004 5.37452
0.201993 6.0349
0.203946 5.97694
0.205977 7.10532
0.207931 7.84948
0.209962 8.55998
0.211915 9.19798
0.213868 9.92755
0.215899 10.6228
0.217853 11.3395
0.219806 11.9946
0.221837 12.6827
0.22379 13.3951
0.225821 14.1156
0.227775 14.8066
0.229728 15.519
0.231759 16.2123
0.233712 16.9233
0.235744 17.6233
0.237697 18.2837
0.23965 18.9756
0.241681 19.6479
0.243634 20.3179
0.245665 20.9788
0.247618 21.6363
0.249571 22.2991
0.251602 22.9433
0.253555 23.5761
0.255587 24.186
0.25754 24.8102
0.259493 25.3891
0.261524 25.9641
0.263477 26.5792
0.26543 27.1209
0.267462 27.7084
0.269415 28.2277
0.271446 28.7732
0.273399 29.313
0.275352 29.8012
0.277384 30.28
0.279337 30.7559
0.281368 31.2031
0.283321 31.7057
0.285275 32.0858
0.287306 32.4954
0.289259 32.8897
0.29129 33.2845
0.293243 33.6527
0.295197 33.9903
0.297228 34.3007
0.299181 34.5577
0.301134 34.8629
0.303165 35.1671
0.305119 35.4031
0.30715 35.6511
0.309103 35.8819
0.311056 36.0874
0.313087 36.292
0.315041 36.4617
0.317072 36.6
0.319025 36.7311
0.320978 36.8423
0.323009 36.9605
0.324963 37.0368
0.326994 37.0983
0.328947 37.1427
0.3309 37.1932
0.332931 37.219
0.334884 37.2032
0.336915 37.207
0.338868 37.136
0.340821 37.1393
0.342853 37.0659
0.344806 37.0068
0.346759 36.9247
0.34879 36.8365
0.350743 36.7397
0.352775 36.621
0.354728 36.4818
0.356681 36.3778
0.358712 36.1928
0.360665 36.0478
0.362697 35.8848
0.36465 35.7217
0.366603 35.5343
0.368634 35.3383
0.370587 35.1471
0.372619 34.9659
0.374572 34.7308
0.376525 34.5253
0.378556 34.2645
0.380509 34.0609
0.382541 33.8296
0.384494 33.6012
0.386447 33.3775
0.388478 33.1467
0.390431 32.9021
0.392385 32.6475
0.394416 32.4076
0.396369 32.1626
0.3984 31.9156
0.400353 31.6671
0.402307 31.4111
0.404338 31.1669
0.406291 30.907
0.408322 30.6629
0.410275 30.423
0.412229 30.1636
0.414259 29.9152
0.416212 29.6682
0.418243 29.4074
0.420197 29.1761
0.42215 28.9272
0.424181 28.6797
0.426134 28.447
0.428087 28.1972
0.430119 27.9807
0.432072 27.7184
0.434103 27.49
0.436056 27.2568
0.438009 27.0423
0.440041 26.8105
0.441994 26.5835
0.444025 26.3566
0.445978 26.1425
0.447931 25.915
0.449963 25.7152
0.451916 25.493
0.453947 25.2856
0.4559 25.081
0.457853 24.8736
0.459885 24.6609
0.461838 24.464
0.463869 24.2642
0.465822 24.0706
0.467775 23.8865
0.469807 23.7006
0.47176 23.5089
0.473713 23.3272
0.475744 23.1355
0.477697 22.9629
0.479729 22.786
0.481682 22.5995
0.483635 22.4393
0.485666 22.2624
0.487619 22.1017
0.489651 21.9344
0.491604 21.7708
0.493557 21.6125
0.495588 21.4461
0.497541 21.2916
0.499572 21.1247
0.501525 20.9854
0.503478 20.841
0.505509 20.6807
0.507463 20.5396
0.509494 20.3937
0.511447 20.2554
0.5134 20.11
0.515431 19.9745
0.517385 19.841
0.519338 19.7104
0.521369 19.5678
0.523322 19.4405
0.525353 19.3137
0.527307 19.1925
0.52926 19.0633
0.531291 18.936
0.533244 18.8106
0.535275 18.6942
0.537229 18.5731
0.539182 18.4525
0.541213 18.3347
0.543166 18.226
0.545197 18.1158
0.547151 18.0
0.549104 17.8927
0.551135 17.7825
0.553088 17.68
0.555041 17.5713
0.557073 17.4597
0.559026 17.3639
0.561057 17.2613
0.56301 17.156
0.564963 17.0611
0.566995 16.9705
0.568948 16.8579
0.570979 16.7707
0.572932 16.681
0.574885 16.5823
0.576917 16.5046
0.57887 16.3949
0.580901 16.3172
0.582854 16.2218
0.584807 16.1398
0.586838 16.0459
0.588791 15.9619
0.590822 15.8837
0.592775 15.7979
0.594728 15.7116
0.59676 15.6406
0.598713 15.5533
0.600666 15.4794
0.602697 15.3926
0.60465 15.3163
0.606682 15.2505
0.608635 15.1766
0.610588 15.097
0.612619 15.0169
0.614573 14.9458
0.616604 14.8767
0.618557 14.7989
0.62051 14.7288
0.622541 14.6583
0.624495 14.5949
0.626526 14.5243
0.628479 14.4518
0.630432 14.3984
0.632463 14.3173
0.634417 14.2663
0.636448 14.2024
0.638401 14.1395
0.640354 14.0751
0.642385 14.0145
0.644339 13.9521
0.646292 13.8906
0.648323 13.8271
0.650276 13.7756
0.652308 13.7175
0.654261 13.6564
0.656214 13.604
0.658245 13.5463
0.660198 13.4905
0.66223 13.4309
0.664183 13.3789
0.666136 13.3236
0.668166 13.2726
0.67012 13.2187
0.672151 13.1634
0.674104 13.1138
0.676057 13.068
0.678088 13.0227
0.680041 12.9693
0.681994 12.9254
0.684026 12.8749
0.685979 12.821
0.68801 12.77
0.689963 12.7318
0.691916 12.6799
0.693948 12.6398
0.695901 12.5983
0.697932 12.5497
0.699885 12.5058
0.697932 12.1081
0.695901 11.8521
0.693948 11.6589
0.691916 11.4916
