0.689963 12.1849
0.68801 12.0295
0.685979 11.9093
0.684026 11.7906
0.681994 11.6785
0.680041 11.5555
0.678088 11.4539
0.676057 11.3509
0.674104 11.2555
0.672151 11.1587
0.67012 11.0639
0.668166 10.9742
0.666136 10.8908
0.664183 10.7987
0.66223 10.7143
0.660198 10.6352
0.658245 10.5598
0.656214 10.4912
0.654261 10.3987
0.652308 10.3219
0.650276 10.2489
0.648323 10.1698
0.646292 10.1011
0.644339 10.0243
0.642385 9.96331
0.640354 9.89417
0.638401 9.82503
0.636448 9.75303
0.634417 9.6939
0.632463 9.61951
0.630432 9.56706
0.628479 9.49649
0.626526 9.43307
0.624495 9.36297
0.622541 9.30432
0.62051 9.24328
0.618557 9.18129
0.616604 9.13313
0.614573 9.06924
0.612619 9.0082
0.610588 8.95575
0.608635 8.89805
0.606682 8.83797
0.60465 8.77646
0.602697 8.72591
0.600666 8.67489
0.598713 8.61529
0.59676 8.56904
0.594728 8.50371
0.592775 8.45269
0.590822 8.39261
0.588791 8.35255
0.586838 8.30344
0.584807 8.24383
0.582854 8.19138
0.580901 8.14036
0.57887 8.09839
0.576917 8.04832
0.574885 8.00159
0.572932 7.94199
0.570979 7.89526
0.568948 7.85234
0.566995 7.81134
0.564963 7.74887
0.56301 7.70119
0.561057 7.65446
0.559026 7.60916
0.557073 7.56195
0.555041 7.51141
0.553088 7.46611
0.551135 7.42605
0.549104 7.37455
0.547151 7.33593
0.545197 7.29349
0.543166 7.23627
0.541213 7.19765
0.539182 7.14806
0.537229 7.11992
0.535275 7.0689
0.533244 7.01359
0.531291 6.97592
0.52926 6.92776
0.527307 6.89152
0.525353 6.83858
0.523322 6.80044
0.521369 6.75275
0.519338 6.72367
0.517385 6.67217
0.515431 6.63021
0.5134 6.59063
0.511447 6.54438
0.509494 6.50432
0.507463 6.4657
0.505509 6.41849
0.503478 6.3875
0.501525 6.32503
0.499572 6.2907
0.497541 6.2454
0.495588 6.20964
0.493557 6.17435
0.491604 6.12142
0.489651 6.089
0.487619 6.03845
0.485666 6.00603
0.483635 5.96263
0.481682 5.91209
0.479729 5.87919
0.477697 5.83484
0.475744 5.78573
0.473713 5.75092
0.47176 5.71802
0.469807 5.67415
0.467775 5.62264
0.465822 5.58497
0.463869 5.54111
0.461838 5.50677
0.459885 5.45432
0.457853 5.42905
0.4559 5.37803
0.453947 5.33702
0.451916 5.2941
0.449963 5.25214
0.447931 5.2035
0.445978 5.16059
0.444025 5.11529
0.441994 5.07619
0.440041 5.03757
0.438009 4.99179
0.436056 4.94887
0.434103 4.90453
0.432072 4.8578
0.430119 4.83109
0.428087 4.76672
0.426134 4.72667
0.424181 4.67469
0.42215 4.62939
0.420197 4.59029
0.418243 4.53832
0.416212 4.50112
0.414259 4.44629
0.412229 4.39956
0.410275 4.35187
0.408322 4.30705
0.406291 4.24935
0.404338 4.20882
0.402307 4.15684
0.400353 4.1082
0.3984 4.05337
0.396369 4.00473
0.394416 3.94513
0.392385 3.89315
0.390431 3.84165
0.388478 3.78968
0.386447 3.72626
0.384494 3.67333
0.382541 3.60133
0.380509 3.5484
0.378556 3.4907
0.376525 3.43825
0.374572 3.37578
0.372619 3.3076
0.370587 3.24084
0.368634 3.17074
0.366603 3.10637
0.36465 3.03722
0.362697 2.95902
0.360665 2.89322
0.358712 2.80787
0.356681 2.74254
0.354728 2.65242
0.352775 2.58041
0.350743 2.48505
0.34879 2.40208
0.346759 2.30576
0.344806 2.22708
0.342853 2.12217
0.340821 2.0311
0.338868 1.92429
0.336915 1.83464
0.334884 1.7283
0.332931 1.6172
0.3309 1.49847
0.328947 1.37306
0.326994 1.25289
0.324963 1.12558
0.323009 0.993972
0.320978 0.854735
0.319025 0.713115
0.317072 0.569582
0.315041 0.737074
0.313087 0.35568
0.311056 0.13268
0.309103 -0.0166178
0.30715 -0.202013
0.305119 -0.387074
0.303165 -0.582006
0.301134 -0.796345
0.299181 -1.00902
0.297228 -1.20132
0.295197 -1.42959
0.293243 -1.66252
0.29129 -1.91468
0.289259 -2.17384
0.287306 -2.43853
0.285275 -2.71505
0.283321 -2.95776
0.281368 -3.29708
0.279337 -3.60226
0.277384 -3.91478
0.275352 -4.23469
0.273399 -4.56399
0.271446 -4.93145
0.269415 -5.30753
0.267462 -5.6746
0.26543 -6.08101
0.263477 -5.9202
0.261524 -6.7169
0.259493 -7.23389
0.25754 -7.63252
0.255587 -8.10745
0.253555 -8.58
0.251602 -9.08545
0.249571 -9.61808
0.247618 -10.1455
0.245665 -10.6805
0.243634 -11.225
0.241681 -11.8068
0.23965 -12.4023
0.237697 -13.0046
0.235744 -13.6135
0.233712 -14.2372
0.231759 -14.9043
0.229728 -15.5571
0.227775 -16.2395
0.225821 -16.9247
0.22379 -17.6428
0.221837 -18.3538
0.219806 -19.0676
0.217853 -19.7652
0.215899 -20.5186
0.213868 -21.2749
0.211915 -22.0669
0.209962 -22.7927
0.207931 -23.641
0.205977 -24.4149
0.203946 -25.2331
0.201993 -26.0361
0.20004 -26.842
0.198009 -27.6674
0.196055 -28.4814
0.194024 -29.2886
0.192071 -30.1465
0.190118 -30.9676
0.188087 -31.8087
0.186133 -32.6141
0.184102 -33.4686
0.182149 -34.2897
0.180196 -35.1027
0.178164 -35.8504
0.176211 -36.6587
0.17418 -37.4741
0.172227 -38.2775
0.170274 -39.0362
0.168242 -39.7891
0.166289 -40.563
0.164336 -41.316
0.162305 -42.0212
0.160352 -42.7446
0.158321 -43.4312
0.156368 -44.0888
0.154415 -44.7854
0.152384 -45.4468
0.150431 -46.0767
0.148399 -46.6909
0.146446 -47.2378
0.144493 -47.8496
0.142462 -48.388
0.140509 -48.9139
0.138477 -49.3507
0.136524 -49.787
0.134571 -50.3048
0.13254 -50.7435
0.130587 -51.1636
0.128633 -51.5294
0.126602 -51.8965
0.124649 -52.2685
0.122618 -52.5956
0.120665 -52.8621
0.118711 -53.1792
0.11668 -53.3929
0.114727 -53.6446
0.112696 -53.8554
0.110743 -54.0476
0.108789 -54.213
0.106758 -54.3608
0.104805 -54.4657
0.102774 -54.615
0.100821 -54.6889
0.0988674 -54.7175
0.0968361 -54.7585
0.094883 -54.7943
0.0928516 -54.8238
0.0908985 -54.8258
0.0889454 -54.8062
0.0869141 -54.7638
0.0849609 -54.7294
0.0830078 -54.6641
0.0809765 -54.5945
0.0790234 -54.4867
0.076993 -54.4085
0.0750389 -54.3012
0.0730858 -54.1544
0.0710554 -54.0542
0.0691023 -53.9045
0.067071 -53.7519
0.0651178 -53.5817
0.0631647 -53.4014
0.0611334 -53.2446
0.0591803 -53.0018
0.0571489 -52.8354
0.0551958 -52.6385
0.0532427 -52.4363
0.0512114 -52.236
0.0492582 -52.0329
0.0472269 -51.7993
0.0452738 -51.5995
0.0433207 -51.3658
0.0412893 -51.1446
0.0393362 -50.8999
0.0373831 -50.6935
0.0353518 -50.4646
0.0333986 -50.2266
0.0313673 -49.9687
0.0294142 -49.7546
0.0274611 -49.5166
0.0254297 -49.2787
0.0234766 -49.0374
0.0214453 -48.7937
0.0194921 -48.5415
0.017539 -48.314
0.0155077 -48.0799
0.0135546 -47.8405
0.0115232 -47.5964
0.00957012 -47.3604
0.007617 -47.1415
0.00558567 -46.8916
0.00363255 -46.6728
0.00167942 -46.4267
-0.000351906 -46.1845
-0.00230503 -45.9885
-0.00433636 -45.7568
-0.00628948 -45.5298
-0.00824261 -45.3023
-0.010273 -45.0758
-0.0122261 -44.8789
-0.0142574 -44.6476
-0.0162106 -44.4354
-0.0181637 -44.2185
-0.020195 -43.9548
-0.0221481 -43.7774
-0.0241795 -43.5776
-0.0261326 -43.354
-0.0280857 -43.168
-0.030117 -42.9601
-0.0320702 -42.7627
-0.0341015 -42.5595
-0.0360546 -42.3712
-0.0380077 -42.1676
-0.0400391 -41.9912
-0.0419922 -41.7728
-0.0439453 -41.603
-0.0459766 -41.4204
-0.0479298 -41.2397
-0.0499611 -41.0403
-0.0519142 -40.8835
-0.0538673 -40.6889
-0.0558987 -40.5225
-0.0578518 -40.3308
-0.0598831 -40.1525
-0.0618362 -39.9946
-0.0637894 -39.832
-0.0658207 -39.6632
-0.0677738 -39.4858
-0.0698051 -39.3304
-0.0717583 -39.1683
-0.0737114 -39.0023
-0.0757427 -38.8578
-0.0776958 -38.6995
-0.0797272 -38.5441
-0.0816803 -38.3948
-0.0836334 -38.2303
-0.0856647 -38.0987
-0.0876179 -37.9552
-0.089571 -37.8093
-0.0916023 -37.6772
-0.0935555 -37.5318
-0.0955858 -37.3811
-0.0975389 -37.2566
-0.0994921 -37.0892
-0.0975389 -36.1151
-0.0955858 -35.4771
-0.0935555 -34.9497
-0.0916023 -34.5076
-0.089571 -34.1052
-0.0876179 -33.7209
-0.0856647 -33.3723
-0.0836334 -33.0304
-0.0816803 -32.7309
-0.0797272 -32.4119
-0.0776958 -32.1153
-0.0757427 -31.8474
-0.0737114 -31.5617
-0.0717583 -31.3076
-0.0698051 -31.042
-0.0677738 -30.7907
-0.0658207 -30.5527
-0.0637894 -30.3105
-0.0618362 -30.0726
-0.0598831 -29.8451
-0.0578518 -29.6196
-0.0558987 -29.4036
-0.0538673 -29.1837
-0.0519142 -28.963
-0.0499611 -28.7546
-0.0479298 -28.5395
-0.0459766 -28.334
-0.0439453 -28.128
-0.0419922 -27.9153
-0.0400391 -27.7341
-0.0380077 -27.5348
-0.0360546 -27.3474
-0.0341015 -27.1476
-0.0320702 -26.9612
-0.030117 -26.7709
-0.0280857 -26.5907
-0.0261326 -26.4009
-0.0241795 -26.2288
-0.0221481 -26.0361
-0.020195 -25.8478
-0.0181637 -25.7095
-0.0162106 -25.5264
-0.0142574 -25.339
-0.0122261 -25.1654
-0.010273 -24.9823
-0.00824261 -24.8068
-0.00628948 -24.6428
-0.00433636 -24.4668
-0.00230503 -24.2952
-0.000351906 -24.1116
0.00167942 -23.9576
0.00363255 -23.8002
0.00558567 -23.6391
0.007617 -23.4569
0.00957012 -23.2933
0.0115232 -23.1365
0.0135546 -22.9753
0.0155077 -22.7989
0.017539 -22.6477
0.0194921 -22.467
0.0214453 -22.3254
0.0234766 -22.1485
0.0254297 -21.9906
0.0274611 -21.8204
0.0294142 -21.6568
0.0313673 -21.4756
0.0333986 -21.3297
0.0353518 -21.1662
0.0373831 -20.9874
0.0393362 -20.8181
0.0412893 -20.6588
0.0433207 -20.4895
0.0452738 -20.3369
0.0472269 -20.1515
0.0492582 -19.9831
0.0512114 -19.8086
0.0532427 -19.6398
0.0551958 -19.4705
0.0571489 -19.2965
0.0591803 -19.1077
0.0611334 -18.9698
0.0631647 -18.7753
0.0651178 -18.6055
0.067071 -18.4072
0.0691023 -18.2236
0.0710554 -18.0371
0.0730858 -17.835
0.0750389 -17.669
0.076993 -17.463
0.0790234 -17.2628
0.0809765 -17.0816
0.0830078 -16.8756
0.0849609 -16.6734
0.0869141 -16.4622
0.0889454 -16.2514
0.0908985 -16.0535
0.0928516 -15.828
0.094883 -15.6124
0.0968361 -15.3854
0.0988674 -15.1656
0.100821 -14.9558
0.102774 -14.7093
0.104805 -14.4556
0.106758 -14.2139
0.108789 -13.9726
0.110743 -13.7165
0.112696 -13.4347
0.114727 -13.1801
0.11668 -12.9002
0.118711 -12.6379
0.120665 -12.3394
0.122618 -12.0566
0.124649 -11.7567
0.126602 -11.4439
0.128633 -11.1425
0.130587 -10.8183
0.13254 -10.4831
0.134571 -10.1583
0.136524 -9.77115
0.138477 -9.45882
0.140509 -9.14172
0.142462 -8.74976
0.144493 -8.37115
0.146446 -7.95248
0.148399 -7.57101
0.150431 -7.16999
0.152384 -6.74846
0.154415 -6.31502
0.156368 -5.86011
0.158321 -5.4362
0.160352 -4.97319
0.162305 -4.50828
0.164336 -4.03382
0.166289 -3.52742
0.168242 -3.03722
0.170274 -2.52844
0.172227 -2.02347
0.17418 -1.47844
0.176211 -0.923877
0.178164 -0.369787
0.180196 0.131845
0.182149 0.703578
0.184102 1.29915
0.186133 1.90283
0.188087 2.49506
0.190118 3.10875
0.192071 3.70671
0.194024 4.37858
0.196055 4.98893
0.198009 5.62599
0.20004 6.27639
0.201993 6.93062
0.203946 7.58245
0.205977 8.26338
0.207931 8.92571
0.209962 9.64335
0.211915 10.2804
0.213868 10.9857
0.215899 11.6761
0.217853 12.3637
0.219806 13.0108
0.221837 13.7017
0.22379 14.4017
0.225821 15.1198
0.227775 15.8075
0.229728 16.5265
0.231759 17.2084
0.233712 17.9246
0.235744 18.627
0.237697 19.2874
0.23965 19.9745
0.241681 20.6722
0.243634 21.3564
0.245665 21.9963
0.247618 22.6634
0.249571 23.3305
0.251602 23.99
0.253555 24.6461
0.255587 25.2603
0.25754 25.8926
0.259493 26.4772
0.261524 27.0752
0.263477 27.6931
0.26543 28.2577
0.267462 28.848
0.269415 29.3859
0.271446 29.9581
0.273399 30.5089
0.275352 31.01
0.277384 31.5131
0.279337 31.9942
0.281368 32.4768
0.283321 32.9889
0.285275 33.3747
0.287306 33.8191
0.289259 34.2354
0.29129 34.6488
0.293243 35.0393
0.295197 35.4012
0.297228 35.7255
0.299181 36.0121
0.301134 36.323
0.303165 36.642
0.305119 36.9085
0.30715 37.1579
0.309103 37.4025
0.311056 37.6305
0.313087 37.8551
0.315041 38.0324
0.317072 38.1998
0.319025 38.3371
0.320978 38.4654
0.323009 38.5994
0.324963 38.6952
0.326994 38.7673
0.328947 38.8159
0.3309 38.8812
0.332931 38.916
0.334884 38.9246
0.336915 38.8984
0.338868 38.8764
0.340821 38.8764
0.342853 38.8211
0.344806 38.7749
0.346759 38.7157
0.34879 38.6347
0.350743 38.5322
0.352775 38.4373
0.354728 38.309
0.356681 38.207
0.358712 38.0234
0.360665 37.8899
0.362697 37.7273
0.36465 37.5723
0.366603 37.3997
0.368634 37.2118
0.370587 37.0215
0.372619 36.8322
0.374572 36.6081
0.376525 36.4145
0.378556 36.1465
0.380509 35.9544
0.382541 35.7331
0.384494 35.4914
0.386447 35.2658
0.388478 35.0407
0.390431 34.7995
0.392385 34.5406
0.394416 34.2945
0.396369 34.058
0.3984 33.8048
0.400353 33.5645
0.402307 33.3079
0.404338 33.0547
0.406291 32.8029
0.408322 32.5512
0.410275 32.3142
0.412229 32.0457
0.414259 31.8016
0.416212 31.5403
0.418243 31.2847
0.420197 31.0467
0.42215 30.8036
0.424181 30.5442
0.426134 30.3081
0.428087 30.0688
0.430119 29.8489
0.432072 29.5695
0.434103 29.3463
0.436056 29.1113
0.438009 28.8881
0.440041 28.6568
0.441994 28.4198
0.444025 28.1867
0.445978 27.9802
0.447931 27.7475
0.449963 27.5367
0.451916 27.3241
0.453947 27.098
0.4559 26.8949
0.457853 26.6884
0.459885 26.4667
0.461838 26.2683
0.463869 26.0676
0.465822 25.8721
0.467775 25.6732
0.469807 25.4878
0.47176 25.2946
0.473713 25.0972
0.475744 24.9136
0.477697 24.7286
0.479729 24.545
0.481682 24.3677
0.483635 24.1941
0.485666 24.0158
0.487619 23.8522
0.489651 23.6705
0.491604 23.5079
0.493557 23.3506
0.495588 23.1846
0.497541 23.0225
0.499572 22.8551
0.501525 22.7049
0.503478 22.559
0.505509 22.3964
0.507463 22.2548
0.509494 22.0998
0.511447 21.9634
0.5134 21.8123
0.515431 21.673
0.517385 21.5271
0.519338 21.4022
0.521369 21.2506
0.523322 21.1252
0.525353 20.9959
0.527307 20.8662
0.52926 20.7341
0.531291 20.6116
0.533244 20.4752
0.535275 20.3617
0.537229 20.2282
0.539182 20.0966
0.541213 19.9865
0.543166 19.8749
0.545197 19.7619
0.547151 19.6527
0.549104 19.5254
0.551135 19.4224
0.553088 19.3084
0.555041 19.2011
0.557073 19.0957
0.559026 18.9927
0.561057 18.8816
0.56301 18.771
0.564963 18.6713
0.566995 18.5822
0.568948 18.4777
0.570979 18.3809
0.572932 18.2865
0.574885 18.1931
0.576917 18.1025
0.57887 17.9928
0.580901 17.9046
0.582854 17.8264
0.584807 17.7301
0.586838 17.6423
0.588791 17.5522
0.590822 17.4611
0.592775 17.3829
0.594728 17.299
0.59676 17.217
0.598713 17.1292
0.600666 17.0477
0.602697 16.9686
0.60465 16.8923
0.606682 16.8117
0.608635 16.7368
0.610588 16.6619
0.612619 16.5804
0.614573 16.5041
0.616604 16.4383
0.618557 16.3582
0.62051 16.2857
0.622541 16.2132
0.624495 16.1427
0.626526 16.0807
0.628479 16.0077
0.630432 15.9434
0.632463 15.858
0.634417 15.807
0.636448 15.7354
0.638401 15.6663
0.640354 15.6148
0.642385 15.5428
0.644339 15.4751
0.646292 15.4217
0.648323 15.354
0.650276 15.2963
0.652308 15.2324
0.654261 15.1804
0.656214 15.1141
0.658245 15.054
0.660198 15.0021
0.66223 14.9458
0.664183 14.891
0.666136 14.8361
0.668166 14.7789
0.67012 14.7346
0.672151 14.6726
0.674104 14.623
0.676057 14.5677
0.678088 14.519
0.680041 14.4685
0.681994 14.4199
0.684026 14.3703
0.685979 14.3192
0.68801 14.2668
0.689963 14.2205
0.691916 14.1752
0.693948 14.1376
0.695901 14.0808
0.697932 14.0279
0.699885 13.9926
0.697932 13.5754
0.695901 13.325
0.693948 13.1348
0.691916 12.9555
