0.689963 0.450611
0.68801 0.27895
0.685979 0.197887
0.684026 0.126362
0.681994 0.0739098
0.680041 -0.00548363
0.678088 -0.0436306
0.676057 -0.071764
0.674104 -0.103712
0.672151 -0.136137
0.67012 -0.0549555
0.668166 -0.169284
0.666136 -0.243259
0.664183 -0.242783
0.66223 -0.260807
0.660198 -0.280405
0.658245 -0.30625
0.656214 -0.321366
0.654261 -0.346114
0.652308 -0.368763
0.650276 -0.384547
0.648323 -0.405528
0.646292 -0.413157
0.644339 -0.436093
0.642385 -0.453307
0.640354 -0.471618
0.638401 -0.488212
0.636448 -0.500943
0.634417 -0.521829
0.632463 -0.538852
0.630432 -0.546672
0.628479 -0.559356
0.626526 -0.582197
0.624495 -0.595739
0.622541 -0.603797
0.62051 -0.62268
0.618557 -0.625684
0.616604 -0.631883
0.614573 -0.657823
0.612619 -0.659206
0.610588 -0.675275
0.608635 -0.683525
0.606682 -0.701168
0.60465 -0.7139
0.602697 -0.728539
0.600666 -0.732735
0.598713 -0.743988
0.59676 -0.759151
0.594728 -0.771025
0.592775 -0.774649
0.590822 -0.79253
0.588791 -0.795296
0.586838 -0.811413
0.584807 -0.82343
0.582854 -0.838164
0.580901 -0.838402
0.57887 -0.855902
0.576917 -0.855568
0.574885 -0.868872
0.572932 -0.878838
0.570979 -0.892762
0.568948 -0.894335
0.566995 -0.897244
0.564963 -0.922659
0.56301 -0.923899
0.561057 -0.932816
0.559026 -0.940303
0.557073 -0.952462
0.555041 -0.95251
0.553088 -0.968436
0.551135 -0.973538
0.549104 -0.988845
0.547151 -0.992421
0.545197 -1.001
0.543166 -1.01636
0.541213 -1.02022
0.539182 -1.02241
0.537229 -1.02656
0.535275 -1.0372
0.533244 -1.04826
0.531291 -1.06228
0.52926 -1.07
0.527307 -1.06585
0.525353 -1.07692
0.523322 -1.09289
0.521369 -1.09394
0.519338 -1.10386
0.517385 -1.11778
0.515431 -1.1184
0.5134 -1.13171
0.511447 -1.13156
0.509494 -1.14158
0.507463 -1.14997
0.505509 -1.16175
0.503478 -1.16218
0.501525 -1.17796
0.499572 -1.18249
0.497541 -1.19346
0.495588 -1.19865
0.493557 -1.19732
0.491604 -1.21749
0.489651 -1.21205
0.487619 -1.22402
0.485666 -1.23046
0.483635 -1.23761
0.481682 -1.25106
0.479729 -1.25249
0.477697 -1.26513
0.475744 -1.26894
0.473713 -1.27624
0.47176 -1.28339
0.469807 -1.2872
0.467775 -1.29612
0.465822 -1.30723
0.463869 -1.30923
0.461838 -1.31882
0.459885 -1.32726
0.457853 -1.33007
0.4559 -1.34051
0.453947 -1.34109
0.451916 -1.35596
0.449963 -1.36173
0.447931 -1.36884
0.445978 -1.37365
0.444025 -1.39096
0.441994 -1.3891
0.440041 -1.40403
0.438009 -1.4139
0.436056 -1.42205
0.434103 -1.42887
0.432072 -1.43235
0.430119 -1.43903
0.428087 -1.45767
0.426134 -1.46421
0.424181 -1.47207
0.42215 -1.48686
0.420197 -1.49491
0.418243 -1.49854
0.416212 -1.51127
0.414259 -1.51771
0.412229 -1.53463
0.410275 -1.53626
0.408322 -1.55686
0.406291 -1.56372
0.404338 -1.5775
0.402307 -1.59562
0.400353 -1.6053
0.3984 -1.61422
0.396369 -1.6353
0.394416 -1.64402
0.392385 -1.65904
0.390431 -1.67478
0.388478 -1.695
0.386447 -1.71741
0.384494 -1.72747
0.382541 -1.74173
0.380509 -1.76514
0.378556 -1.79136
0.376525 -1.80228
0.374572 -1.82918
0.372619 -1.84634
0.370587 -1.88144
0.368634 -1.90709
0.366603 -1.93423
0.36465 -1.95392
0.362697 -1.98682
0.360665 -2.02063
0.358712 -2.05839
0.356681 -2.08429
0.354728 -2.13879
0.352775 -2.16487
0.350743 -2.2096
0.34879 -2.25986
0.346759 -2.29381
0.344806 -2.35976
0.342853 -2.39485
0.340821 -2.45422
0.338868 -2.52036
0.336915 -2.56294
0.334884 -2.63756
0.332931 -2.70141
0.3309 -2.77675
0.328947 -2.85209
0.326994 -2.92772
0.324963 -3.00878
0.323009 -3.10324
0.320978 -3.19642
0.319025 -3.29269
0.317072 -3.39121
0.315041 -3.49888
0.313087 -3.60726
0.311056 -3.74435
0.309103 -3.87415
0.30715 -4.00151
0.305119 -4.14256
0.303165 -4.28924
0.301134 -4.45098
0.299181 -4.61377
0.297228 -4.77332
0.295197 -4.95853
0.293243 -5.13901
0.29129 -5.34706
0.289259 -5.5654
0.287306 -5.77788
0.285275 -6.01416
0.283321 -5.78144
0.281368 -6.3695
0.279337 -6.71651
0.277384 -6.9659
0.275352 -7.24056
0.273399 -7.53525
0.271446 -7.8738
0.269415 -8.21951
0.267462 -8.54853
0.26543 -8.92762
0.263477 -9.27714
0.261524 -9.68055
0.259493 -10.0778
0.25754 -10.4816
0.255587 -10.9208
0.253555 -11.3643
0.251602 -11.822
0.249571 -12.3141
0.247618 -12.8167
0.245665 -13.3279
0.243634 -13.8495
0.241681 -14.3884
0.23965 -14.9673
0.237697 -15.5461
0.235744 -16.1284
0.233712 -16.744
0.231759 -17.3848
0.229728 -18.0286
0.227775 -18.6942
0.225821 -19.3589
0.22379 -20.0675
0.221837 -20.7728
0.219806 -21.4675
0.217853 -22.1632
0.215899 -22.9124
0.213868 -23.6767
0.211915 -24.474
0.209962 -25.1978
0.207931 -26.0519
0.205977 -26.8501
0.203946 -27.6588
0.201993 -28.4742
0.20004 -29.2987
0.198009 -30.1298
0.196055 -30.9705
0.194024 -31.7882
0.192071 -32.6942
0.190118 -33.5125
0.188087 -34.3794
0.186133 -35.201
0.184102 -36.0965
0.182149 -36.9438
0.180196 -37.7773
0.178164 -38.5522
0.176211 -39.3991
0.17418 -40.2402
0.172227 -41.069
0.170274 -41.8715
0.168242 -42.6563
0.166289 -43.4608
0.164336 -44.2528
0.162305 -45.0095
0.160352 -45.7634
0.158321 -46.4858
0.156368 -47.1987
0.154415 -47.9507
0.152384 -48.645
0.150431 -49.3464
0.148399 -50.0202
0.146446 -50.6343
0.144493 -51.2871
0.142462 -51.9147
0.140509 -52.4916
0.138477 -52.9728
0.136524 -53.4558
0.134571 -54.0442
0.13254 -54.5387
0.130587 -55.006
0.128633 -55.4323
0.126602 -55.8519
0.124649 -56.272
0.122618 -56.6582
0.120665 -56.9668
0.118711 -57.3425
0.11668 -57.6067
0.114727 -57.9223
0.112696 -58.1755
0.110743 -58.4435
0.108789 -58.6428
0.106758 -58.8512
0.104805 -58.9881
0.102774 -59.1726
0.100821 -59.2928
0.0988674 -59.3576
0.0968361 -59.4463
0.094883 -59.4928
0.0928516 -59.5596
0.0908985 -59.5977
0.0889454 -59.593
0.0869141 -59.5977
0.0849609 -59.5882
0.0830078 -59.55
0.0809765 -59.5119
0.0790234 -59.4308
0.076993 -59.3689
0.0750389 -59.2783
0.0730858 -59.159
0.0710554 -59.0732
0.0691023 -58.9445
0.067071 -58.8014
0.0651178 -58.6584
0.0631647 -58.4724
0.0611334 -58.3341
0.0591803 -58.11
0.0571489 -57.9336
0.0551958 -57.7571
0.0532427 -57.5616
0.0512114 -57.3566
0.0492582 -57.1706
0.0472269 -56.9465
0.0452738 -56.7415
0.0433207 -56.5078
0.0412893 -56.3028
0.0393362 -56.0548
0.0373831 -55.8354
0.0353518 -55.6018
0.0333986 -55.3586
0.0313673 -55.1106
0.0294142 -54.8913
0.0274611 -54.6481
0.0254297 -54.4097
0.0234766 -54.1522
0.0214453 -53.9186
0.0194921 -53.6468
0.017539 -53.4131
0.0155077 -53.1604
0.0135546 -52.922
0.0115232 -52.6692
0.00957012 -52.4356
0.007617 -52.1924
0.00558567 -51.9444
0.00363255 -51.7013
0.00167942 -51.4581
-0.000351906 -51.2006
-0.00230503 -50.986
-0.00433636 -50.7524
-0.00628948 -50.5187
-0.00824261 -50.2707
-0.010273 -50.0276
-0.0122261 -49.8178
-0.0142574 -49.5936
-0.0162106 -49.3505
-0.0181637 -49.1263
-0.020195 -48.8593
-0.0221481 -48.6638
-0.0241795 -48.4492
-0.0261326 -48.2156
-0.0280857 -48.0248
-0.030117 -47.7721
-0.0320702 -47.5862
-0.0341015 -47.362
-0.0360546 -47.1665
-0.0380077 -46.9615
-0.0400391 -46.7469
-0.0419922 -46.5419
-0.0439453 -46.3655
-0.0459766 -46.1556
-0.0479298 -45.9601
-0.0499611 -45.7646
-0.0519142 -45.5882
-0.0538673 -45.3879
-0.0558987 -45.202
-0.0578518 -44.9922
-0.0598831 -44.7919
-0.0618362 -44.6298
-0.0637894 -44.4438
-0.0658207 -44.2769
-0.0677738 -44.0862
-0.0698051 -43.924
-0.0717583 -43.7524
-0.0737114 -43.5711
-0.0757427 -43.409
-0.0776958 -43.2326
-0.0797272 -43.0657
-0.0816803 -42.9036
-0.0836334 -42.7367
-0.0856647 -42.6079
-0.0876179 -42.4315
-0.089571 -42.2789
-0.0916023 -42.1311
-0.0935555 -41.9737
-0.0955858 -41.8211
-0.0975389 -41.6686
-0.0994921 -41.5017
-0.0975389 -40.4717
-0.0955858 -39.7946
-0.0935555 -39.2415
-0.0916023 -38.7646
-0.089571 -38.3259
-0.0876179 -37.9158
-0.0856647 -37.5391
-0.0836334 -37.172
-0.0816803 -36.8477
-0.0797272 -36.5044
-0.0776958 -36.1897
-0.0757427 -35.8988
-0.0737114 -35.5889
-0.0717583 -35.3171
-0.0698051 -35.0358
-0.0677738 -34.764
-0.0658207 -34.4969
-0.0637894 -34.2347
-0.0618362 -33.9772
-0.0598831 -33.7244
-0.0578518 -33.5003
-0.0558987 -33.2571
-0.0538673 -33.014
-0.0519142 -32.7851
-0.0499611 -32.5371
-0.0479298 -32.3369
-0.0459766 -32.0984
-0.0439453 -31.8791
-0.0419922 -31.6502
-0.0400391 -31.4452
-0.0380077 -31.2353
-0.0360546 -31.0303
-0.0341015 -30.8109
-0.0320702 -30.625
-0.030117 -30.4199
-0.0280857 -30.2244
-0.0261326 -30.0146
-0.0241795 -29.8239
-0.0221481 -29.6093
-0.020195 -29.4186
-0.0181637 -29.2517
-0.0162106 -29.0419
-0.0142574 -28.8607
-0.0122261 -28.6652
-0.010273 -28.4506
-0.00824261 -28.2789
-0.00628948 -28.0882
-0.00433636 -27.9022
-0.00230503 -27.721
-0.000351906 -27.5208
0.00167942 -27.3586
0.00363255 -27.1774
0.00558567 -26.9915
0.007617 -26.8055
0.00957012 -26.6148
0.0115232 -26.4336
0.0135546 -26.2524
0.0155077 -26.0807
0.017539 -25.8947
0.0194921 -25.7088
0.0214453 -25.5514
0.0234766 -25.3607
0.0254297 -25.1938
0.0274611 -24.9983
0.0294142 -24.8219
0.0313673 -24.6311
0.0333986 -24.4547
0.0353518 -24.283
0.0373831 -24.0828
0.0393362 -23.892
0.0412893 -23.7156
0.0433207 -23.5392
0.0452738 -23.3675
0.0472269 -23.1529
0.0492582 -22.9813
0.0512114 -22.781
0.0532427 -22.6046
0.0551958 -22.4138
0.0571489 -22.2183
0.0591803 -22.0228
0.0611334 -21.8464
0.0631647 -21.6461
0.0651178 -21.4506
0.067071 -21.2408
0.0691023 -21.0405
0.0710554 -20.8403
0.0730858 -20.6066
0.0750389 -20.4159
0.076993 -20.2013
0.0790234 -19.9772
0.0809765 -19.7721
0.0830078 -19.5385
0.0849609 -19.3335
0.0869141 -19.0998
0.0889454 -18.8709
0.0908985 -18.6563
0.0928516 -18.4131
0.094883 -18.1604
0.0968361 -17.922
0.0988674 -17.6836
0.100821 -17.4594
0.102774 -17.1972
0.104805 -16.9063
0.106758 -16.6631
0.108789 -16.3913
0.110743 -16.1148
0.112696 -15.8191
0.114727 -15.5378
0.11668 -15.2278
0.118711 -14.9513
0.120665 -14.6175
0.122618 -14.3266
0.124649 -13.9976
0.126602 -13.6686
0.128633 -13.3348
0.130587 -13.001
0.13254 -12.6482
0.134571 -12.2905
0.136524 -11.8995
0.138477 -11.5562
0.140509 -11.1986
0.142462 -10.8171
0.144493 -10.4459
0.146446 -10.0196
0.148399 -9.62953
0.150431 -9.19655
0.152384 -8.74594
0.154415 -8.29772
0.156368 -7.82278
0.158321 -7.38218
0.160352 -6.91202
0.162305 -6.43137
0.164336 -5.93164
0.166289 -5.41665
0.168242 -4.90167
0.170274 -4.38621
0.172227 -3.85691
0.17418 -3.31141
0.176211 -2.74588
0.178164 -2.19084
0.180196 -1.6563
0.182149 -1.07122
0.184102 -0.474691
0.186133 0.142813
0.188087 0.731235
0.190118 1.36257
0.192071 1.9672
0.194024 2.63
0.196055 3.25467
0.198009 3.89029
0.20004 4.54833
0.201993 5.19588
0.203946 5.8501
0.205977 6.51958
0.207931 7.1781
0.209962 7.90432
0.211915 8.52517
0.213868 9.23136
0.215899 9.91086
0.217853 10.6004
0.219806 11.236
0.221837 11.9088
0.22379 12.6098
0.225821 13.3036
0.227775 13.9802
0.229728 14.6788
0.231759 15.3635
0.233712 16.0535
0.235744 16.7258
0.237697 17.3772
0.23965 18.0429
0.241681 18.7157
0.243634 19.3647
0.245665 19.9984
0.247618 20.6435
0.249571 21.2773
0.251602 21.9158
0.253555 22.5461
0.255587 23.1198
0.25754 23.7344
0.259493 24.2895
0.261524 24.8569
0.263477 25.4429
0.26543 25.9741
0.267462 26.5378
0.269415 27.0437
0.271446 27.573
0.273399 28.1004
0.275352 28.5658
0.277384 29.0173
0.279337 29.4779
0.281368 29.9166
0.283321 30.3973
0.285275 30.7487
0.287306 31.1493
0.289259 31.5403
0.29129 31.9079
0.293243 32.256
0.295197 32.5698
0.297228 32.8716
0.299181 33.1243
0.301134 33.3895
0.303165 33.6679
0.305119 33.8982
0.30715 34.1309
0.309103 34.3312
0.311056 34.5158
0.313087 34.7108
0.315041 34.8448
0.317072 34.9749
0.319025 35.0794
0.320978 35.1852
0.323009 35.2811
0.324963 35.3483
0.326994 35.3903
0.328947 35.4155
0.3309 35.447
0.332931 35.4532
0.334884 35.4375
0.336915 35.4189
0.338868 35.3192
0.340821 35.3159
0.342853 35.2301
0.344806 35.1566
0.346759 35.0803
0.34879 34.9625
0.350743 34.8557
0.352775 34.7303
0.354728 34.5849
0.356681 34.4662
0.358712 34.2688
0.360665 34.1219
0.362697 33.9421
0.36465 33.7719
0.366603 33.5821
0.368634 33.3837
0.370587 33.1844
0.372619 32.9937
0.374572 32.7629
0.376525 32.544
0.378556 32.2841
0.380509 32.0705
0.382541 31.8588
0.384494 31.6142
0.386447 31.3929
0.388478 31.1631
0.390431 30.9156
0.392385 30.6653
0.394416 30.4259
0.396369 30.1799
0.3984 29.9395
0.400353 29.6873
0.402307 29.4284
0.404338 29.1895
0.406291 28.9401
0.408322 28.6869
0.410275 28.447
0.412229 28.1871
0.414259 27.9487
0.416212 27.6974
0.418243 27.4447
0.420197 27.2087
0.42215 26.9698
0.424181 26.7285
0.426134 26.4944
0.428087 26.256
0.430119 26.049
0.432072 25.7848
0.434103 25.5674
0.436056 25.3314
0.438009 25.1177
0.440041 24.895
0.441994 24.6681
0.444025 24.4502
0.445978 24.2523
0.447931 24.0296
0.449963 23.8231
0.451916 23.6138
0.453947 23.4116
0.4559 23.1932
0.457853 23.001
0.459885 22.7917
0.461838 22.6
0.463869 22.4169
0.465822 22.2228
0.467775 22.0383
0.469807 21.8585
0.47176 21.6645
0.473713 21.4923
0.475744 21.3073
0.477697 21.1385
0.479729 20.9692
0.481682 20.7942
0.483635 20.6302
0.485666 20.4519
0.487619 20.2964
0.489651 20.1348
0.491604 19.9707
0.493557 19.8253
0.495588 19.6627
0.497541 19.5168
0.499572 19.3632
0.501525 19.2102
0.503478 19.0876
0.505509 18.9317
0.507463 18.7887
0.509494 18.6504
0.511447 18.5102
0.5134 18.3767
0.515431 18.2388
0.517385 18.1101
0.519338 17.9885
0.521369 17.8569
0.523322 17.731
0.525353 17.6066
0.527307 17.4897
0.52926 17.3591
0.531291 17.2389
0.533244 17.1269
0.535275 17.0119
0.537229 16.8951
0.539182 16.7664
0.541213 16.6691
0.543166 16.5609
0.545197 16.445
0.547151 16.3477
0.549104 16.2299
0.551135 16.1355
0.553088 16.0325
0.555041 15.9243
0.557073 15.8318
0.559026 15.7259
0.561057 15.6286
0.56301 15.5366
0.564963 15.4379
0.566995 15.3525
0.568948 15.2557
0.570979 15.1585
0.572932 15.0741
0.574885 14.9859
0.576917 14.9019
0.57887 14.8023
0.580901 14.7265
0.582854 14.6378
0.584807 14.561
0.586838 14.4785
0.588791 14.3955
0.590822 14.3083
0.592775 14.2386
0.594728 14.1514
0.59676 14.0822
0.598713 14.0021
0.600666 13.9235
0.602697 13.8543
0.60465 13.7723
0.606682 13.7079
0.608635 13.6407
0.610588 13.5668
0.612619 13.4919
0.614573 13.4237
0.616604 13.356
0.618557 13.2802
0.62051 13.2139
0.622541 13.1519
0.624495 13.0914
0.626526 13.0251
0.628479 12.9598
0.630432 12.8963
0.632463 12.8391
0.634417 12.7733
0.636448 12.7142
0.638401 12.6484
0.640354 12.5959
0.642385 12.5311
0.644339 12.482
0.646292 12.42
0.648323 12.359
0.650276 12.3122
0.652308 12.2498
0.654261 12.204
0.656214 12.1434
0.658245 12.0881
0.660198 12.0385
0.66223 11.9818
0.664183 11.9384
0.666136 11.8869
0.668166 11.8306
0.67012 11.7867
0.672151 11.7286
0.674104 11.6871
0.676057 11.6423
0.678088 11.5936
0.680041 11.5498
0.681994 11.5078
0.684026 11.4582
0.685979 11.4124
0.68801 11.3666
0.689963 11.3304
0.691916 11.2851
0.693948 11.2417
0.695901 11.195
0.697932 11.1497
0.699885 11.1125
0.697932 10.7038
0.695901 10.4711
0.693948 10.2837
0.691916 10.1078
