0.689963 11.3328
0.68801 11.204
0.685979 11.0805
0.684026 10.9547
0.681994 10.8421
0.680041 10.7258
0.678088 10.6175
0.676057 10.5255
0.674104 10.4306
0.672151 10.3243
0.67012 10.2413
0.668166 10.1531
0.666136 10.072
0.664183 9.98048
0.66223 9.89512
0.660198 9.81454
0.658245 9.73205
0.656214 9.65337
0.654261 9.57374
0.652308 9.50793
0.650276 9.42973
0.648323 9.34676
0.646292 9.28811
0.644339 9.21372
0.642385 9.14887
0.640354 9.08497
0.638401 9.00486
0.636448 8.93954
0.634417 8.87135
0.632463 8.81556
0.630432 8.74785
0.628479 8.69206
0.626526 8.62673
0.624495 8.56713
0.622541 8.49703
0.62051 8.44792
0.618557 8.38641
0.616604 8.34301
0.614573 8.26481
0.612619 8.21188
0.610588 8.15228
0.608635 8.10793
0.606682 8.04499
0.60465 7.98777
0.602697 7.92959
0.600666 7.88048
0.598713 7.82373
0.59676 7.76937
0.594728 7.71978
0.592775 7.67401
0.590822 7.60773
0.588791 7.55861
0.586838 7.51951
0.584807 7.46181
0.582854 7.40841
0.580901 7.36406
0.57887 7.31066
0.576917 7.27013
0.574885 7.21481
0.572932 7.16188
0.570979 7.11563
0.568948 7.07272
0.566995 7.02837
0.564963 6.97783
0.56301 6.92537
0.561057 6.88341
0.559026 6.83429
0.557073 6.79805
0.555041 6.74226
0.553088 6.7065
0.551135 6.66072
0.549104 6.60875
0.547151 6.56774
0.545197 6.52435
0.543166 6.4719
0.541213 6.42993
0.539182 6.38988
0.537229 6.34935
0.535275 6.30929
0.533244 6.25589
0.531291 6.21965
0.52926 6.1734
0.527307 6.14002
0.525353 6.08709
0.523322 6.05323
0.521369 6.00603
0.519338 5.96788
0.517385 5.92258
0.515431 5.87776
0.5134 5.84104
0.511447 5.80194
0.509494 5.76284
0.507463 5.71659
0.505509 5.67558
0.503478 5.64601
0.501525 5.59117
0.499572 5.56399
0.497541 5.5144
0.495588 5.47626
0.493557 5.44478
0.491604 5.38947
0.489651 5.3518
0.487619 5.3127
0.485666 5.26359
0.483635 5.23879
0.481682 5.19206
0.479729 5.1563
0.477697 5.11481
0.475744 5.07094
0.473713 5.03709
0.47176 4.99846
0.469807 4.95793
0.467775 4.91549
0.465822 4.87401
0.463869 4.83634
0.461838 4.79342
0.459885 4.75242
0.457853 4.72095
0.4559 4.68518
0.453947 4.6375
0.451916 4.60031
0.449963 4.55977
0.447931 4.50923
0.445978 4.47967
0.444025 4.42531
0.441994 4.38478
0.440041 4.34758
0.438009 4.30562
0.436056 4.26318
0.434103 4.22265
0.432072 4.17925
0.430119 4.14778
0.428087 4.09342
0.426134 4.05098
0.424181 4.0033
0.42215 3.96515
0.420197 3.92748
0.418243 3.88361
0.416212 3.83784
0.414259 3.79254
0.412229 3.74533
0.410275 3.7172
0.408322 3.65521
0.406291 3.60848
0.404338 3.56938
0.402307 3.5112
0.400353 3.47544
0.3984 3.42204
0.396369 3.36863
0.394416 3.3157
0.392385 3.27279
0.390431 3.21747
0.388478 3.17551
0.386447 3.11209
0.384494 3.06059
0.382541 3.00337
0.380509 2.94662
0.378556 2.88797
0.376525 2.84363
0.374572 2.77258
0.372619 2.72346
0.370587 2.65528
0.368634 2.59281
0.366603 2.52939
0.36465 2.46359
0.362697 2.38777
0.360665 2.3234
0.358712 2.25378
0.356681 2.19322
0.354728 2.09738
0.352775 2.02728
0.350743 1.95147
0.34879 1.8642
0.346759 1.7798
0.344806 1.68443
0.342853 1.59956
0.340821 1.51134
0.338868 1.40167
0.336915 1.31631
0.334884 1.20664
0.332931 1.11175
0.3309 0.997787
0.328947 0.872378
0.326994 0.760322
0.324963 0.923041
0.323009 0.596305
0.320978 0.402476
0.319025 0.299383
0.317072 0.153995
0.315041 0.00731945
0.313087 -0.155139
0.311056 -0.332476
0.309103 -0.49751
0.30715 -0.675561
0.305119 -0.852755
0.303165 -1.04821
0.301134 -1.24853
0.299181 -1.45124
0.297228 -1.64531
0.295197 -1.86084
0.293243 -2.08987
0.29129 -2.33391
0.289259 -2.60037
0.287306 -2.84771
0.285275 -3.11378
0.283321 -3.3707
0.281368 -3.68937
0.279337 -3.9884
0.277384 -4.29463
0.275352 -4.61063
0.273399 -4.93693
0.271446 -5.30829
0.269415 -5.67617
0.267462 -6.02851
0.26543 -5.89349
0.263477 -6.65907
0.261524 -7.15902
0.259493 -7.55527
0.25754 -7.99349
0.255587 -8.46556
0.253555 -8.93668
0.251602 -9.42782
0.249571 -9.94805
0.247618 -10.4874
0.245665 -11.0119
0.243634 -11.5626
0.241681 -12.1329
0.23965 -12.7266
0.237697 -13.3298
0.235744 -13.9258
0.233712 -14.56
0.231759 -15.2224
0.229728 -15.8761
0.227775 -16.5532
0.225821 -17.2456
0.22379 -17.9542
0.221837 -18.6685
0.219806 -19.3737
0.217853 -20.0737
0.215899 -20.83
0.213868 -21.5972
0.211915 -22.3907
0.209962 -23.1279
0.207931 -23.9662
0.205977 -24.7544
0.203946 -25.5745
0.201993 -26.3752
0.20004 -27.1815
0.198009 -28.0193
0.196055 -28.8428
0.194024 -29.6482
0.192071 -30.5284
0.190118 -31.3452
0.188087 -32.1912
0.186133 -33.0075
0.184102 -33.8687
0.182149 -34.6879
0.180196 -35.5109
0.178164 -36.2696
0.176211 -37.0816
0.17418 -37.8984
0.172227 -38.6962
0.170274 -39.4825
0.168242 -40.2454
0.166289 -41.0127
0.164336 -41.7799
0.162305 -42.5057
0.160352 -43.219
0.158321 -43.919
0.156368 -44.5847
0.154415 -45.2885
0.152384 -45.938
0.150431 -46.5979
0.148399 -47.2187
0.146446 -47.7714
0.144493 -48.397
0.142462 -48.963
0.140509 -49.4847
0.138477 -49.9324
0.136524 -50.363
0.134571 -50.8976
0.13254 -51.3472
0.130587 -51.783
0.128633 -52.1574
0.126602 -52.5212
0.124649 -52.9017
0.122618 -53.2241
0.120665 -53.5087
0.118711 -53.8153
0.11668 -54.0476
0.114727 -54.3127
0.112696 -54.5106
0.110743 -54.7361
0.108789 -54.9087
0.106758 -55.0556
0.104805 -55.1686
0.102774 -55.3055
0.100821 -55.3846
0.0988674 -55.417
0.0968361 -55.4714
0.094883 -55.5167
0.0928516 -55.5477
0.0908985 -55.5629
0.0889454 -55.5381
0.0869141 -55.5105
0.0849609 -55.4728
0.0830078 -55.417
0.0809765 -55.3374
0.0790234 -55.2478
0.076993 -55.1567
0.0750389 -55.0575
0.0730858 -54.9297
0.0710554 -54.8076
0.0691023 -54.6651
0.067071 -54.512
0.0651178 -54.358
0.0631647 -54.1844
0.0611334 -54.0394
0.0591803 -53.7986
0.0571489 -53.6194
0.0551958 -53.4362
0.0532427 -53.2317
0.0512114 -53.0362
0.0492582 -52.8288
0.0472269 -52.6027
0.0452738 -52.3996
0.0433207 -52.1688
0.0412893 -51.9504
0.0393362 -51.711
0.0373831 -51.5108
0.0353518 -51.269
0.0333986 -51.0339
0.0313673 -50.7955
0.0294142 -50.5733
0.0274611 -50.3435
0.0254297 -50.1031
0.0234766 -49.8547
0.0214453 -49.6211
0.0194921 -49.3631
0.017539 -49.1294
0.0155077 -48.8853
0.0135546 -48.6555
0.0115232 -48.4151
0.00957012 -48.1777
0.007617 -47.9507
0.00558567 -47.7094
0.00363255 -47.4915
0.00167942 -47.2474
-0.000351906 -47.0037
-0.00230503 -46.7963
-0.00433636 -46.5755
-0.00628948 -46.3414
-0.00824261 -46.1182
-0.010273 -45.8888
-0.0122261 -45.6847
-0.0142574 -45.4649
-0.0162106 -45.2375
-0.0181637 -45.0248
-0.020195 -44.774
-0.0221481 -44.5756
-0.0241795 -44.3816
-0.0261326 -44.1517
-0.0280857 -43.97
-0.030117 -43.7402
-0.0320702 -43.5657
-0.0341015 -43.3516
-0.0360546 -43.1642
-0.0380077 -42.962
-0.0400391 -42.7665
-0.0419922 -42.5705
-0.0439453 -42.4051
-0.0459766 -42.2196
-0.0479298 -42.0284
-0.0499611 -41.8343
-0.0519142 -41.6559
-0.0538673 -41.48
-0.0558987 -41.3198
-0.0578518 -41.1143
-0.0598831 -40.9316
-0.0618362 -40.7771
-0.0637894 -40.6131
-0.0658207 -40.4433
-0.0677738 -40.2674
-0.0698051 -40.1105
-0.0717583 -39.9517
-0.0737114 -39.7772
-0.0757427 -39.6399
-0.0776958 -39.4792
-0.0797272 -39.3199
-0.0816803 -39.1802
-0.0836334 -39.0157
-0.0856647 -38.8822
-0.0876179 -38.7377
-0.089571 -38.587
-0.0916023 -38.4482
-0.0935555 -38.2895
-0.0955858 -38.1497
-0.0975389 -38.0153
-0.0994921 -37.8574
-0.0975389 -36.8761
-0.0955858 -36.2324
-0.0935555 -35.6959
-0.0916023 -35.2606
-0.089571 -34.8481
-0.0876179 -34.4719
-0.0856647 -34.1085
-0.0836334 -33.7662
-0.0816803 -33.4548
-0.0797272 -33.1463
-0.0776958 -32.8397
-0.0757427 -32.5626
-0.0737114 -32.2846
-0.0717583 -32.0271
-0.0698051 -31.7653
-0.0677738 -31.5093
-0.0658207 -31.2585
-0.0637894 -31.01
-0.0618362 -30.7835
-0.0598831 -30.5332
-0.0578518 -30.311
-0.0558987 -30.104
-0.0538673 -29.8694
-0.0519142 -29.6529
-0.0499611 -29.4322
-0.0479298 -29.2414
-0.0459766 -29.0245
-0.0439453 -28.8209
-0.0419922 -28.6034
-0.0400391 -28.4141
-0.0380077 -28.2181
-0.0360546 -28.0174
-0.0341015 -27.8295
-0.0320702 -27.6354
-0.030117 -27.4376
-0.0280857 -27.2645
-0.0261326 -27.0628
-0.0241795 -26.8873
-0.0221481 -26.7032
-0.020195 -26.5196
-0.0181637 -26.3651
-0.0162106 -26.1744
-0.0142574 -26.0066
-0.0122261 -25.8087
-0.010273 -25.6279
-0.00824261 -25.4792
-0.00628948 -25.2865
-0.00433636 -25.1139
-0.00230503 -24.9485
-0.000351906 -24.7563
0.00167942 -24.6156
0.00363255 -24.4392
0.00558567 -24.2594
0.007617 -24.1045
0.00957012 -23.919
0.0115232 -23.7668
0.0135546 -23.5985
0.0155077 -23.4159
0.017539 -23.2604
0.0194921 -23.0835
0.0214453 -22.9419
0.0234766 -22.7698
0.0254297 -22.601
0.0274611 -22.4374
0.0294142 -22.2505
0.0313673 -22.0922
0.0333986 -21.9358
0.0353518 -21.7675
0.0373831 -21.5963
0.0393362 -21.4179
0.0412893 -21.2544
0.0433207 -21.0856
0.0452738 -20.9158
0.0472269 -20.7361
0.0492582 -20.563
0.0512114 -20.3975
0.0532427 -20.2082
0.0551958 -20.0465
0.0571489 -19.8725
0.0591803 -19.6813
0.0611334 -19.5397
0.0631647 -19.3289
0.0651178 -19.1534
0.067071 -18.9675
0.0691023 -18.781
0.0710554 -18.5989
0.0730858 -18.3857
0.0750389 -18.2017
0.076993 -17.9961
0.0790234 -17.7997
0.0809765 -17.6132
0.0830078 -17.4001
0.0849609 -17.2065
0.0869141 -16.9857
0.0889454 -16.7831
0.0908985 -16.5699
0.0928516 -16.3425
0.094883 -16.1126
0.0968361 -15.8904
0.0988674 -15.6682
0.100821 -15.4513
0.102774 -15.2104
0.104805 -14.9382
0.106758 -14.7017
0.108789 -14.4528
0.110743 -14.1953
0.112696 -13.913
0.114727 -13.6526
0.11668 -13.3632
0.118711 -13.0947
0.120665 -12.791
0.122618 -12.5087
0.124649 -12.2016
0.126602 -11.8807
0.128633 -11.5703
0.130587 -11.2498
0.13254 -10.916
0.134571 -10.5808
0.136524 -10.1927
0.138477 -9.87796
0.140509 -9.53797
0.142462 -9.16222
0.144493 -8.7674
0.146446 -8.35064
0.148399 -7.97775
0.150431 -7.561
0.152384 -7.12469
0.154415 -6.69744
0.156368 -6.23682
0.158321 -5.80909
0.160352 -5.34703
0.162305 -4.87973
0.164336 -4.40194
0.166289 -3.89649
0.168242 -3.38818
0.170274 -2.88273
0.172227 -2.36965
0.17418 -1.83225
0.176211 -1.27578
0.178164 -0.732665
0.180196 -0.20051
0.182149 0.366926
0.184102 0.949626
0.186133 1.5781
0.188087 2.15412
0.190118 2.78212
0.192071 3.3734
0.194024 4.04622
0.196055 4.658
0.198009 5.29458
0.20004 5.95024
0.201993 6.60446
0.203946 7.25105
0.205977 7.92959
0.207931 8.58859
0.209962 9.31147
0.211915 9.94233
0.213868 10.6509
0.215899 11.3376
0.217853 12.0376
0.219806 12.6756
0.221837 13.3532
0.22379 14.0684
0.225821 14.7651
0.227775 15.4613
0.229728 16.1713
0.231759 16.8684
0.233712 17.5679
0.235744 18.2579
0.237697 18.9193
0.23965 19.6031
0.241681 20.2907
0.243634 20.9606
0.245665 21.6115
0.247618 22.2691
0.249571 22.9309
0.251602 23.5961
0.253555 24.227
0.255587 24.8431
0.25754 25.4839
0.259493 26.0519
0.261524 26.6398
0.263477 27.2635
0.26543 27.8085
0.267462 28.4041
0.269415 28.9329
0.271446 29.4899
0.273399 30.0435
0.275352 30.5384
0.277384 31.0205
0.279337 31.5083
0.281368 31.9732
0.283321 32.4811
0.285275 32.8587
0.287306 33.2979
0.289259 33.6975
0.29129 34.1014
0.293243 34.4891
0.295197 34.8247
0.297228 35.148
0.299181 35.4341
0.301134 35.7369
0.303165 36.0483
0.305119 36.2987
0.30715 36.5638
0.309103 36.8003
0.311056 37.0049
0.313087 37.2271
0.315041 37.4106
0.317072 37.5546
0.319025 37.6882
0.320978 37.8126
0.323009 37.9333
0.324963 38.0186
0.326994 38.0911
0.328947 38.1316
0.3309 38.1907
0.332931 38.2222
0.334884 38.2251
0.336915 38.1931
0.338868 38.1688
0.340821 38.1564
0.342853 38.0844
0.344806 38.0401
0.346759 37.9766
0.34879 37.8894
0.350743 37.7902
0.352775 37.6815
0.354728 37.5341
0.356681 37.4474
0.358712 37.2643
0.360665 37.1284
0.362697 36.9581
0.36465 36.8027
0.366603 36.6143
0.368634 36.4212
0.370587 36.2357
0.372619 36.0502
0.374572 35.8104
0.376525 35.6168
0.378556 35.365
0.380509 35.1519
0.382541 34.923
0.384494 34.696
0.386447 34.4595
0.388478 34.2392
0.390431 33.9903
0.392385 33.749
0.394416 33.4972
0.396369 33.2516
0.3984 33.0037
0.400353 32.7538
0.402307 32.4963
0.404338 32.2484
0.406291 32.0019
0.408322 31.7491
0.410275 31.505
0.412229 31.2437
0.414259 30.9962
0.416212 30.7378
0.418243 30.4826
0.420197 30.2476
0.42215 29.9987
0.424181 29.7421
0.426134 29.5123
0.428087 29.2696
0.430119 29.055
0.432072 28.7851
0.434103 28.5681
0.436056 28.3221
0.438009 28.0956
0.440041 27.8739
0.441994 27.6326
0.444025 27.4027
0.445978 27.2025
0.447931 26.9693
0.449963 26.7628
0.451916 26.5349
0.453947 26.3303
0.4559 26.1081
0.457853 25.9055
0.459885 25.6871
0.461838 25.493
0.463869 25.2985
0.465822 25.0929
0.467775 24.9103
0.469807 24.7181
0.47176 24.526
0.473713 24.3309
0.475744 24.1469
0.477697 23.9662
0.479729 23.7874
0.481682 23.6123
0.483635 23.4369
0.485666 23.2552
0.487619 23.095
0.489651 22.9247
0.491604 22.7598
0.493557 22.5995
0.495588 22.4327
0.497541 22.2762
0.499572 22.1117
0.501525 21.9601
0.503478 21.8166
0.505509 21.653
0.507463 21.5124
0.509494 21.3612
0.511447 21.2234
0.5134 21.0732
0.515431 20.9378
0.517385 20.8014
0.519338 20.6617
0.521369 20.5267
0.523322 20.3942
0.525353 20.2645
0.527307 20.1405
0.52926 20.0103
0.531291 19.8868
0.533244 19.7552
0.535275 19.6465
0.537229 19.5144
0.539182 19.3952
0.541213 19.2793
0.543166 19.1544
0.545197 19.0533
0.547151 18.9408
0.549104 18.8182
0.551135 18.7071
0.553088 18.6032
0.555041 18.4987
0.557073 18.3957
0.559026 18.2903
0.561057 18.1869
0.56301 18.0729
0.564963 17.9761
0.566995 17.8908
0.568948 17.7787
0.570979 17.6862
0.572932 17.588
0.574885 17.4998
0.576917 17.4134
0.57887 17.3062
0.580901 17.2151
0.582854 17.1292
0.584807 17.0491
0.586838 16.9705
0.588791 16.867
0.590822 16.7802
0.592775 16.6991
0.594728 16.6062
0.59676 16.5413
0.598713 16.4502
0.600666 16.3706
0.602697 16.2886
0.60465 16.2123
0.606682 16.1398
0.608635 16.0669
0.610588 15.9825
0.612619 15.9133
0.614573 15.8404
0.616604 15.7631
0.618557 15.6782
0.62051 15.6119
0.622541 15.5414
0.624495 15.4789
0.626526 15.4117
0.628479 15.343
0.630432 15.2729
0.632463 15.2019
0.634417 15.1389
0.636448 15.0769
0.638401 15.0178
0.640354 14.9534
0.642385 14.8872
0.644339 14.829
0.646292 14.7665
0.648323 14.7093
0.650276 14.6497
0.652308 14.5839
0.654261 14.5286
0.656214 14.4656
0.658245 14.4079
0.660198 14.3545
0.66223 14.2944
0.664183 14.242
0.666136 14.1843
0.668166 14.1366
0.67012 14.0741
0.672151 14.0303
0.674104 13.9812
0.676057 13.9187
0.678088 13.8743
0.680041 13.8276
0.681994 13.7747
0.684026 13.726
0.685979 13.6793
0.68801 13.634
0.689963 13.5901
0.691916 13.5372
0.693948 13.491
0.695901 13.4466
0.697932 13.3932
0.699885 13.356
0.697932 12.9388
0.695901 12.6985
0.693948 12.4996
0.691916 12.3318
