0.689963 12.4586
0.68801 12.2912
0.685979 12.1501
0.684026 12.007
0.681994 11.884
0.680041 11.7352
0.678088 11.6265
0.676057 11.5025
0.674104 11.3948
0.672151 11.2808
0.67012 11.1788
0.668166 11.0662
0.666136 10.9852
0.664183 10.8731
0.66223 10.7801
0.660198 10.681
0.658245 10.5937
0.656214 10.4988
0.654261 10.4154
0.652308 10.3381
0.650276 10.2475
0.648323 10.1607
0.646292 10.0806
0.644339 9.99478
0.642385 9.92373
0.640354 9.84935
0.638401 9.75875
0.636448 9.69199
0.634417 9.61331
0.632463 9.5375
0.630432 9.46931
0.628479 9.39445
0.626526 9.32578
0.624495 9.25091
0.622541 9.18463
0.62051 9.10834
0.618557 9.03824
0.616604 8.99724
0.614573 8.91331
0.612619 8.84703
0.610588 8.78552
0.608635 8.72162
0.606682 8.65677
0.60465 8.59574
0.602697 8.52278
0.600666 8.47462
0.598713 8.40119
0.59676 8.34635
0.594728 8.27816
0.592775 8.23096
0.590822 8.16706
0.588791 8.10221
0.586838 8.04976
0.584807 8.00064
0.582854 7.9191
0.580901 7.87809
0.57887 7.81658
0.576917 7.77939
0.574885 7.70357
0.572932 7.65589
0.570979 7.60487
0.568948 7.55623
0.566995 7.5033
0.564963 7.43225
0.56301 7.38028
0.561057 7.34022
0.559026 7.28443
0.557073 7.22626
0.555041 7.18
0.553088 7.12898
0.551135 7.06652
0.549104 7.02742
0.547151 6.97067
0.545197 6.92204
0.543166 6.86433
0.541213 6.81713
0.539182 6.76658
0.537229 6.72557
0.535275 6.67789
0.533244 6.61781
0.531291 6.57966
0.52926 6.52864
0.527307 6.49288
0.525353 6.41944
0.523322 6.38273
0.521369 6.33028
0.519338 6.29165
0.517385 6.23109
0.515431 6.18627
0.5134 6.14049
0.511447 6.09376
0.509494 6.0518
0.507463 6.00555
0.505509 5.96216
0.503478 5.91495
0.501525 5.85058
0.499572 5.81243
0.497541 5.77762
0.495588 5.72898
0.493557 5.69036
0.491604 5.63695
0.489651 5.59451
0.487619 5.5535
0.485666 5.4939
0.483635 5.45289
0.481682 5.40139
0.479729 5.35895
0.477697 5.31985
0.475744 5.26931
0.473713 5.22401
0.47176 5.18014
0.469807 5.12435
0.467775 5.08239
0.465822 5.03661
0.463869 4.99656
0.461838 4.95507
0.459885 4.89594
0.457853 4.86495
0.4559 4.81631
0.453947 4.77912
0.451916 4.72428
0.449963 4.67565
0.447931 4.62415
0.445978 4.57885
0.444025 4.5283
0.441994 4.48777
0.440041 4.43866
0.438009 4.39002
0.436056 4.34805
0.434103 4.30848
0.432072 4.25364
0.430119 4.21549
0.428087 4.15064
0.426134 4.10916
0.424181 4.05575
0.42215 4.00855
0.420197 3.96086
0.418243 3.90507
0.416212 3.87455
0.414259 3.81447
0.412229 3.75964
0.410275 3.71052
0.408322 3.64472
0.406291 3.59894
0.404338 3.54744
0.402307 3.48832
0.400353 3.44063
0.3984 3.3939
0.396369 3.32619
0.394416 3.27565
0.392385 3.2232
0.390431 3.16502
0.388478 3.09301
0.386447 3.02673
0.384494 2.96665
0.382541 2.92469
0.380509 2.85269
0.378556 2.77973
0.376525 2.73634
0.374572 2.65623
0.372619 2.59853
0.370587 2.52319
0.368634 2.4531
0.366603 2.38348
0.36465 2.30051
0.362697 2.2266
0.360665 2.15364
0.358712 2.07258
0.356681 2.00106
0.354728 1.89997
0.352775 1.82748
0.350743 1.72687
0.34879 1.6439
0.346759 1.54853
0.344806 1.4503
0.342853 1.35351
0.340821 1.25432
0.338868 1.13702
0.336915 1.04404
0.334884 0.927691
0.332931 0.816588
0.3309 0.691657
0.328947 1.01331
0.326994 0.0128984
0.324963 0.47548
0.323009 0.339104
0.320978 0.17097
0.319025 0.00536442
0.317072 -0.16501
0.315041 -0.317074
0.313087 -0.502374
0.311056 -0.68796
0.309103 -0.876788
0.30715 -1.06914
0.305119 -1.2594
0.303165 -1.46177
0.301134 -1.68574
0.299181 -1.8988
0.297228 -2.09502
0.295197 -2.3332
0.293243 -2.57481
0.29129 -2.83178
0.289259 -3.10129
0.287306 -3.37452
0.285275 -3.66672
0.283321 -3.92598
0.281368 -4.26988
0.279337 -4.56819
0.277384 -4.89988
0.275352 -5.22761
0.273399 -5.5573
0.271446 -5.93529
0.269415 -6.25
0.267462 -6.71691
0.26543 -7.43273
0.263477 -7.24962
0.261524 -7.70596
0.259493 -8.16229
0.25754 -8.62673
0.255587 -9.12741
0.253555 -9.61379
0.251602 -10.1316
0.249571 -10.6838
0.247618 -11.236
0.245665 -11.8039
0.243634 -12.3547
0.241681 -12.9474
0.23965 -13.5716
0.237697 -14.1829
0.235744 -14.8118
0.233712 -15.4632
0.231759 -16.1431
0.229728 -16.8288
0.227775 -17.5341
0.225821 -18.2532
0.22379 -18.9799
0.221837 -19.7323
0.219806 -20.4542
0.217853 -21.181
0.215899 -21.9634
0.213868 -22.7617
0.211915 -23.5766
0.209962 -24.3443
0.207931 -25.2269
0.205977 -26.0457
0.203946 -26.894
0.201993 -27.7294
0.20004 -28.5872
0.198009 -29.4698
0.196055 -30.3425
0.194024 -31.1869
0.192071 -32.1358
0.190118 -32.9846
0.188087 -33.8925
0.186133 -34.7647
0.184102 -35.6697
0.182149 -36.5662
0.180196 -37.4474
0.178164 -38.2804
0.176211 -39.1587
0.17418 -40.0528
0.172227 -40.934
0.170274 -41.7866
0.168242 -42.6211
0.166289 -43.4951
0.164336 -44.3391
0.162305 -45.155
0.160352 -45.9775
0.158321 -46.7667
0.156368 -47.5311
0.154415 -48.3398
0.152384 -49.1018
0.150431 -49.8657
0.148399 -50.601
0.146446 -51.27
0.144493 -52.0157
0.142462 -52.6933
0.140509 -53.3356
0.138477 -53.9097
0.136524 -54.4629
0.134571 -55.1605
0.13254 -55.7232
0.130587 -56.2773
0.128633 -56.7946
0.126602 -57.3058
0.124649 -57.8136
0.122618 -58.3043
0.120665 -58.6963
0.118711 -59.1335
0.11668 -59.4988
0.114727 -59.8791
0.112696 -60.2224
0.110743 -60.58
0.108789 -60.8614
0.106758 -61.1475
0.104805 -61.3906
0.102774 -61.6624
0.100821 -61.877
0.0988674 -62.0344
0.0968361 -62.1965
0.094883 -62.3539
0.0928516 -62.5207
0.0908985 -62.64
0.0889454 -62.7067
0.0869141 -62.7925
0.0849609 -62.8641
0.0830078 -62.8927
0.0809765 -62.9261
0.0790234 -62.9261
0.076993 -62.9213
0.0750389 -62.9165
0.0730858 -62.845
0.0710554 -62.8259
0.0691023 -62.7544
0.067071 -62.7019
0.0651178 -62.5875
0.0631647 -62.4588
0.0611334 -62.3729
0.0591803 -62.1822
0.0571489 -62.0534
0.0551958 -61.9104
0.0532427 -61.7483
0.0512114 -61.6004
0.0492582 -61.424
0.0472269 -61.219
0.0452738 -61.0855
0.0433207 -60.8566
0.0412893 -60.6611
0.0393362 -60.437
0.0373831 -60.2415
0.0353518 -60.0221
0.0333986 -59.8028
0.0313673 -59.5691
0.0294142 -59.3641
0.0274611 -59.1304
0.0254297 -58.8968
0.0234766 -58.6345
0.0214453 -58.4104
0.0194921 -58.1243
0.017539 -57.905
0.0155077 -57.6522
0.0135546 -57.409
0.0115232 -57.1373
0.00957012 -56.8941
0.007617 -56.6604
0.00558567 -56.4029
0.00363255 -56.1549
0.00167942 -55.8831
-0.000351906 -55.6113
-0.00230503 -55.4111
-0.00433636 -55.1488
-0.00628948 -54.8961
-0.00824261 -54.6481
-0.010273 -54.3763
-0.0122261 -54.1665
-0.0142574 -53.909
-0.0162106 -53.6611
-0.0181637 -53.4131
-0.020195 -53.1175
-0.0221481 -52.9029
-0.0241795 -52.6883
-0.0261326 -52.4261
-0.0280857 -52.221
-0.030117 -51.954
-0.0320702 -51.7346
-0.0341015 -51.4962
-0.0360546 -51.2769
-0.0380077 -51.0385
-0.0400391 -50.8
-0.0419922 -50.5664
-0.0439453 -50.3661
-0.0459766 -50.1563
-0.0479298 -49.9322
-0.0499611 -49.6985
-0.0519142 -49.503
-0.0538673 -49.2837
-0.0558987 -49.0787
-0.0578518 -48.8593
-0.0598831 -48.64
-0.0618362 -48.4397
-0.0637894 -48.2442
-0.0658207 -48.0392
-0.0677738 -47.8436
-0.0698051 -47.6577
-0.0717583 -47.4669
-0.0737114 -47.2476
-0.0757427 -47.0902
-0.0776958 -46.8804
-0.0797272 -46.704
-0.0816803 -46.5276
-0.0836334 -46.3321
-0.0856647 -46.1747
-0.0876179 -45.9792
-0.089571 -45.8123
-0.0916023 -45.6502
-0.0935555 -45.4547
-0.0955858 -45.2878
-0.0975389 -45.1352
-0.0994921 -44.9206
-0.0975389 -43.6188
-0.0955858 -42.7748
-0.0935555 -42.1072
-0.0916023 -41.5493
-0.089571 -41.0248
-0.0876179 -40.5432
-0.0856647 -40.095
-0.0836334 -39.6611
-0.0816803 -39.2891
-0.0797272 -38.8886
-0.0776958 -38.5262
-0.0757427 -38.1686
-0.0737114 -37.8109
-0.0717583 -37.4867
-0.0698051 -37.1577
-0.0677738 -36.8525
-0.0658207 -36.5426
-0.0637894 -36.2326
-0.0618362 -35.9608
-0.0598831 -35.6556
-0.0578518 -35.3886
-0.0558987 -35.1168
-0.0538673 -34.8307
-0.0519142 -34.5637
-0.0499611 -34.2728
-0.0479298 -34.0439
-0.0459766 -33.7817
-0.0439453 -33.5242
-0.0419922 -33.2619
-0.0400391 -33.033
-0.0380077 -32.7946
-0.0360546 -32.5419
-0.0341015 -32.2844
-0.0320702 -32.0746
-0.030117 -31.8123
-0.0280857 -31.6168
-0.0261326 -31.3689
-0.0241795 -31.1495
-0.0221481 -30.9158
-0.020195 -30.6774
-0.0181637 -30.5105
-0.0162106 -30.2721
-0.0142574 -30.0671
-0.0122261 -29.8429
-0.010273 -29.6093
-0.00824261 -29.409
-0.00628948 -29.1945
-0.00433636 -28.9751
-0.00230503 -28.7605
-0.000351906 -28.546
0.00167942 -28.3504
0.00363255 -28.1502
0.00558567 -27.9308
0.007617 -27.7258
0.00957012 -27.516
0.0115232 -27.3252
0.0135546 -27.1154
0.0155077 -26.9056
0.017539 -26.7006
0.0194921 -26.486
0.0214453 -26.3191
0.0234766 -26.0998
0.0254297 -25.9043
0.0274611 -25.6945
0.0294142 -25.4847
0.0313673 -25.2701
0.0333986 -25.0746
0.0353518 -24.8791
0.0373831 -24.6645
0.0393362 -24.4452
0.0412893 -24.2496
0.0433207 -24.0446
0.0452738 -23.8491
0.0472269 -23.6202
0.0492582 -23.4295
0.0512114 -23.2101
0.0532427 -23.0003
0.0551958 -22.7905
0.0571489 -22.5616
0.0591803 -22.3566
0.0611334 -22.1754
0.0631647 -21.9227
0.0651178 -21.7367
0.067071 -21.5031
0.0691023 -21.279
0.0710554 -21.0405
0.0730858 -20.8117
0.0750389 -20.5875
0.076993 -20.3444
0.0790234 -20.1155
0.0809765 -19.8723
0.0830078 -19.6339
0.0849609 -19.3907
0.0869141 -19.1475
0.0889454 -18.8852
0.0908985 -18.6515
0.0928516 -18.3797
0.094883 -18.1032
0.0968361 -17.8457
0.0988674 -17.5834
0.100821 -17.3402
0.102774 -17.0494
0.104805 -16.7394
0.106758 -16.4629
0.108789 -16.1815
0.110743 -15.8859
0.112696 -15.5616
0.114727 -15.266
0.11668 -14.9322
0.118711 -14.6318
0.120665 -14.2789
0.122618 -13.9642
0.124649 -13.6114
0.126602 -13.2537
0.128633 -12.9056
0.130587 -12.548
0.13254 -12.1761
0.134571 -11.8042
0.136524 -11.3655
0.138477 -11.0126
0.140509 -10.6502
0.142462 -10.2642
0.144493 -9.83647
0.146446 -9.38539
0.148399 -8.96576
0.150431 -8.51706
0.152384 -8.0488
0.154415 -7.57959
0.156368 -7.07796
0.158321 -6.61447
0.160352 -6.11141
0.162305 -5.61502
0.164336 -5.10146
0.166289 -4.55691
0.168242 -4.02142
0.170274 -3.48259
0.172227 -2.93375
0.17418 -2.35344
0.176211 -1.76597
0.178164 -1.18566
0.180196 -0.62633
0.182149 -0.0274181
0.184102 0.586271
0.186133 1.2343
0.188087 1.76579
0.190118 2.60781
0.192071 2.6348
0.194024 3.35897
0.196055 4.01816
0.198009 4.72693
0.20004 5.43351
0.201993 6.12817
0.203946 5.8439
0.205977 7.64158
0.207931 7.77557
0.209962 8.56236
0.211915 9.24996
0.213868 10.0339
0.215899 10.782
0.217853 11.5412
0.219806 12.2331
0.221837 12.9631
0.22379 13.7246
0.225821 14.4995
0.227775 15.219
0.229728 15.9848
0.231759 16.7211
0.233712 17.4716
0.235744 18.2255
0.237697 18.9317
0.23965 19.6579
0.241681 20.3923
0.243634 21.1123
0.245665 21.8299
0.247618 22.5209
0.249571 23.248
0.251602 23.9509
0.253555 24.6514
0.255587 25.3027
0.25754 25.9989
0.259493 26.6312
0.261524 27.2745
0.263477 27.9649
0.26543 28.5715
0.267462 29.2252
0.269415 29.8175
0.271446 30.4459
0.273399 31.0653
0.275352 31.6342
0.277384 32.1797
0.279337 32.7514
0.281368 33.2893
0.283321 33.8677
0.285275 34.3236
0.287306 34.8486
0.289259 35.3278
0.29129 35.8213
0.293243 36.2872
0.295197 36.7116
0.297228 37.1355
0.299181 37.4912
0.301134 37.8808
0.303165 38.2818
0.305119 38.6361
0.30715 38.9933
0.309103 39.317
0.311056 39.6265
0.313087 39.9393
0.315041 40.2121
0.317072 40.4595
0.319025 40.6746
0.320978 40.9021
0.323009 41.1204
0.324963 41.3059
0.326994 41.4743
0.328947 41.6049
0.3309 41.7647
0.332931 41.8691
0.334884 41.9645
0.336915 42.0484
0.338868 42.0713
0.340821 42.1466
0.342853 42.1662
0.344806 42.19
0.346759 42.1952
0.34879 42.179
0.350743 42.1509
0.352775 42.1213
0.354728 42.0474
0.356681 42.0045
0.358712 41.8925
0.360665 41.8071
0.362697 41.7031
0.36465 41.5792
0.366603 41.449
0.368634 41.3145
0.370587 41.15
0.372619 41.0103
0.374572 40.8086
0.376525 40.6565
0.378556 40.4166
0.380509 40.2216
0.382541 40.0313
0.384494 39.822
0.386447 39.6041
0.388478 39.4
0.390431 39.1707
0.392385 38.9289
0.394416 38.6733
0.396369 38.4444
0.3984 38.1845
0.400353 37.9361
0.402307 37.6758
0.404338 37.4321
0.406291 37.1655
0.408322 36.9023
0.410275 36.6563
0.412229 36.3716
0.414259 36.1151
0.416212 35.8418
0.418243 35.5572
0.420197 35.3087
0.42215 35.0331
0.424181 34.768
0.426134 34.501
0.428087 34.2354
0.430119 33.9989
0.432072 33.6975
0.434103 33.4457
0.436056 33.1796
0.438009 32.9326
0.440041 32.6699
0.441994 32.4119
0.444025 32.1468
0.445978 31.9084
0.447931 31.6466
0.449963 31.423
0.451916 31.1688
0.453947 30.929
0.4559 30.6758
0.457853 30.4359
0.459885 30.1832
0.461838 29.951
0.463869 29.7207
0.465822 29.4961
0.467775 29.2796
0.469807 29.0574
0.47176 28.8299
0.473713 28.6153
0.475744 28.3874
0.477697 28.1862
0.479729 27.9688
0.481682 27.767
0.483635 27.5653
0.485666 27.3484
0.487619 27.1572
0.489651 26.9588
0.491604 26.759
0.493557 26.5716
0.495588 26.3742
0.497541 26.1911
0.499572 25.9899
0.501525 25.8182
0.503478 25.6418
0.505509 25.4582
0.507463 25.2913
0.509494 25.1134
0.511447 24.9399
0.5134 24.7792
0.515431 24.6089
0.517385 24.4435
0.519338 24.2871
0.521369 24.125
0.523322 23.9647
0.525353 23.815
0.527307 23.661
0.52926 23.5012
0.531291 23.3591
0.533244 23.2108
0.535275 23.0759
0.537229 22.9181
0.539182 22.776
0.541213 22.6396
0.543166 22.5042
0.545197 22.373
0.547151 22.2371
0.549104 22.0931
0.551135 21.9773
0.553088 21.8376
0.555041 21.715
0.557073 21.5953
0.559026 21.4585
0.561057 21.3426
0.56301 21.221
0.564963 21.1027
0.566995 20.9912
0.568948 20.8605
0.570979 20.7589
0.572932 20.6493
0.574885 20.5248
0.576917 20.4337
0.57887 20.2997
0.580901 20.1987
0.582854 20.089
0.584807 19.9984
0.586838 19.8892
0.588791 19.7852
0.590822 19.687
0.592775 19.5978
0.594728 19.4796
0.59676 19.3933
0.598713 19.2927
0.600666 19.2097
0.602697 19.1034
0.60465 19.0252
0.606682 18.9174
0.608635 18.843
0.610588 18.7433
0.612619 18.6575
0.614573 18.5693
0.616604 18.4892
0.618557 18.3852
0.62051 18.3118
0.622541 18.2293
0.624495 18.153
0.626526 18.0624
0.628479 17.9866
0.630432 17.9074
0.632463 17.8197
0.634417 17.7501
0.636448 17.6752
0.638401 17.5904
0.640354 17.5293
0.642385 17.4502
0.644339 17.3763
0.646292 17.3076
0.648323 17.2256
0.650276 17.1684
0.652308 17.0944
0.654261 17.0277
0.656214 16.96
0.658245 16.8832
0.660198 16.8284
0.66223 16.7506
0.664183 16.6963
0.666136 16.6319
0.668166 16.5671
0.67012 16.5041
0.672151 16.4321
0.674104 16.3811
0.676057 16.3129
0.678088 16.2609
0.680041 16.208
0.681994 16.1484
0.684026 16.0902
0.685979 16.0297
0.68801 15.9772
0.689963 15.9233
0.691916 15.8637
0.693948 15.8218
0.695901 15.7617
0.697932 15.7021
0.699885 15.6491
0.697932 15.107
0.695901 14.8137
0.693948 14.5672
0.691916 14.3588
