0.689963 1.35183
0.68801 1.13726
0.685979 1.03235
0.684026 0.956059
0.681994 0.889301
0.680041 0.789886
0.678088 0.73791
0.676057 0.703578
0.674104 0.664001
0.672151 0.620127
0.67012 0.777653
0.668166 0.62048
0.666136 0.557544
0.664183 0.526597
0.66223 0.483872
0.660198 0.454309
0.658245 0.437094
0.656214 0.406958
0.654261 0.377633
0.652308 0.350501
0.650276 0.328757
0.648323 0.298191
0.646292 0.271822
0.644339 0.248314
0.642385 0.237728
0.640354 0.2136
0.638401 0.183225
0.636448 0.16501
0.634417 0.144411
0.632463 0.118566
0.630432 0.110364
0.628479 0.0802283
0.626526 0.0664954
0.624495 0.0469446
0.622541 0.0377893
0.62051 0.0217676
0.618557 0.00326633
0.616604 -0.0111341
0.614573 -0.020957
0.612619 -0.0416994
0.610588 -0.0637774
0.608635 -0.0762706
0.606682 -0.0991588
0.60465 -0.110221
0.602697 -0.129056
0.600666 -0.136161
0.598713 -0.164962
0.59676 -0.167871
0.594728 -0.187851
0.592775 -0.201012
0.590822 -0.21546
0.588791 -0.221754
0.586838 -0.240923
0.584807 -0.257851
0.582854 -0.269724
0.580901 -0.286032
0.57887 -0.302101
0.576917 -0.294329
0.574885 -0.333477
0.572932 -0.339486
0.570979 -0.350024
0.568948 -0.364186
0.566995 -0.363375
0.564963 -0.384785
0.56301 -0.406577
0.561057 -0.412728
0.559026 -0.422884
0.557073 -0.430943
0.555041 -0.446059
0.553088 -0.457456
0.551135 -0.481154
0.549104 -0.48454
0.547151 -0.497653
0.545197 -0.50738
0.543166 -0.523211
0.541213 -0.539805
0.539182 -0.552251
0.537229 -0.547959
0.535275 -0.559785
0.533244 -0.583436
0.531291 -0.589921
0.52926 -0.611093
0.527307 -0.611618
0.525353 -0.622728
0.523322 -0.62907
0.521369 -0.65706
0.519338 -0.657203
0.517385 -0.66736
0.515431 -0.679996
0.5134 -0.692013
0.511447 -0.708559
0.509494 -0.717905
0.507463 -0.729063
0.505509 -0.741032
0.503478 -0.751379
0.501525 -0.767258
0.499572 -0.771311
0.497541 -0.776699
0.495588 -0.798204
0.493557 -0.798252
0.491604 -0.815323
0.489651 -0.823525
0.487619 -0.83187
0.485666 -0.853566
0.483635 -0.857285
0.481682 -0.869826
0.479729 -0.886897
0.477697 -0.894669
0.475744 -0.906018
0.473713 -0.907639
0.47176 -0.920323
0.469807 -0.93749
0.467775 -0.94674
0.465822 -0.952176
0.463869 -0.976352
0.461838 -0.983075
0.459885 -0.999192
0.457853 -0.995425
0.4559 -1.02384
0.453947 -1.0228
0.451916 -1.04077
0.449963 -1.05069
0.447931 -1.06919
0.445978 -1.08021
0.444025 -1.09523
0.441994 -1.10243
0.440041 -1.1134
0.438009 -1.13533
0.436056 -1.14696
0.434103 -1.16361
0.432072 -1.16523
0.430119 -1.16566
0.428087 -1.19913
0.426134 -1.21563
0.424181 -1.23013
0.42215 -1.2348
0.420197 -1.24457
0.418243 -1.27495
0.416212 -1.27619
0.414259 -1.29054
0.412229 -1.31853
0.410275 -1.32402
0.408322 -1.35468
0.406291 -1.37017
0.404338 -1.3872
0.402307 -1.40913
0.400353 -1.41252
0.3984 -1.43769
0.396369 -1.46583
0.394416 -1.48337
0.392385 -1.50207
0.390431 -1.52433
0.388478 -1.54174
0.386447 -1.57955
0.384494 -1.58961
0.382541 -1.61651
0.380509 -1.64521
0.378556 -1.6784
0.376525 -1.68231
0.374572 -1.73267
0.372619 -1.7659
0.370587 -1.79165
0.368634 -1.82398
0.366603 -1.86456
0.36465 -1.8997
0.362697 -1.93284
0.360665 -1.98057
0.358712 -2.01734
0.356681 -2.04633
0.354728 -2.10937
0.352775 -2.15481
0.350743 -2.21108
0.34879 -2.2621
0.346759 -2.32142
0.344806 -2.37478
0.342853 -2.4413
0.340821 -2.49256
0.338868 -2.57071
0.336915 -2.63208
0.334884 -2.71391
0.332931 -2.78543
0.3309 -2.87059
0.328947 -2.95333
0.326994 -3.03334
0.324963 -3.14606
0.323009 -3.23805
0.320978 -3.34476
0.319025 -3.4551
0.317072 -3.56988
0.315041 -3.6816
0.313087 -3.81145
0.311056 -3.96146
0.309103 -4.09922
0.30715 -4.25204
0.305119 -4.40325
0.303165 -4.55989
0.301134 -4.73947
0.299181 -4.91595
0.297228 -5.08327
0.295197 -5.27739
0.293243 -5.48415
0.29129 -5.70373
0.289259 -5.93324
0.287306 -6.1748
0.285275 -5.75092
0.283321 -6.98689
0.281368 -6.73702
0.279337 -7.01359
0.277384 -7.32353
0.275352 -7.6392
0.273399 -7.9644
0.271446 -8.32346
0.269415 -8.69111
0.267462 -9.04683
0.26543 -9.44118
0.263477 -9.82217
0.261524 -10.2547
0.259493 -10.6605
0.25754 -11.0829
0.255587 -11.545
0.253555 -12.019
0.251602 -12.5077
0.249571 -13.0165
0.247618 -13.5348
0.245665 -14.0741
0.243634 -14.6177
0.241681 -15.1919
0.23965 -15.7755
0.237697 -16.3878
0.235744 -16.9938
0.233712 -17.6333
0.231759 -18.3032
0.229728 -18.9708
0.227775 -19.6689
0.225821 -20.3594
0.22379 -21.098
0.221837 -21.828
0.219806 -22.5566
0.217853 -23.2771
0.215899 -24.0658
0.213868 -24.8559
0.211915 -25.6775
0.209962 -26.4505
0.207931 -27.3365
0.205977 -28.1561
0.203946 -29.0226
0.201993 -29.8847
0.20004 -30.7406
0.198009 -31.6261
0.196055 -32.504
0.194024 -33.3704
0.192071 -34.3169
0.190118 -35.1976
0.188087 -36.1189
0.186133 -36.9991
0.184102 -37.9414
0.182149 -38.8583
0.180196 -39.7657
0.178164 -40.6055
0.176211 -41.5239
0.17418 -42.4523
0.172227 -43.3506
0.170274 -44.2347
0.168242 -45.0944
0.166289 -45.9985
0.164336 -46.8854
0.162305 -47.718
0.160352 -48.5725
0.158321 -49.4046
0.156368 -50.2004
0.154415 -51.0506
0.152384 -51.8655
0.150431 -52.6552
0.148399 -53.4148
0.146446 -54.1334
0.144493 -54.9025
0.142462 -55.6211
0.140509 -56.2992
0.138477 -56.9248
0.136524 -57.5084
0.134571 -58.2371
0.13254 -58.8455
0.130587 -59.4387
0.128633 -59.984
0.126602 -60.5228
0.124649 -61.0712
0.122618 -61.5814
0.120665 -62.0296
0.118711 -62.5112
0.11668 -62.9118
0.114727 -63.36
0.112696 -63.7271
0.110743 -64.1134
0.108789 -64.4472
0.106758 -64.7666
0.104805 -65.0384
0.102774 -65.3484
0.100821 -65.582
0.0988674 -65.7775
0.0968361 -65.9635
0.094883 -66.1542
0.0928516 -66.3307
0.0908985 -66.4928
0.0889454 -66.6025
0.0869141 -66.7121
0.0849609 -66.8027
0.0830078 -66.8361
0.0809765 -66.9076
0.0790234 -66.9124
0.076993 -66.9315
0.0750389 -66.9112
0.0730858 -66.9029
0.0710554 -66.8981
0.0691023 -66.8457
0.067071 -66.7884
0.0651178 -66.7026
0.0631647 -66.5929
0.0611334 -66.5071
0.0591803 -66.3497
0.0571489 -66.2258
0.0551958 -66.0875
0.0532427 -65.9349
0.0512114 -65.7966
0.0492582 -65.625
0.0472269 -65.439
0.0452738 -65.2816
0.0433207 -65.0671
0.0412893 -64.8763
0.0393362 -64.6617
0.0373831 -64.4615
0.0353518 -64.2612
0.0333986 -64.0323
0.0313673 -63.7844
0.0294142 -63.5746
0.0274611 -63.3457
0.0254297 -63.1073
0.0234766 -62.8498
0.0214453 -62.6066
0.0194921 -62.33
0.017539 -62.0964
0.0155077 -61.8484
0.0135546 -61.6052
0.0115232 -61.3382
0.00957012 -61.0712
0.007617 -60.8137
0.00558567 -60.5466
0.00363255 -60.313
0.00167942 -60.0364
-0.000351906 -59.7551
-0.00230503 -59.5214
-0.00433636 -59.2687
-0.00628948 -59.0017
-0.00824261 -58.7585
-0.010273 -58.4724
-0.0122261 -58.2435
-0.0142574 -57.9717
-0.0162106 -57.7142
-0.0181637 -57.4567
-0.020195 -57.1659
-0.0221481 -56.9274
-0.0241795 -56.6986
-0.0261326 -56.4268
-0.0280857 -56.1931
-0.030117 -55.9403
-0.0320702 -55.7019
-0.0341015 -55.454
-0.0360546 -55.2203
-0.0380077 -54.9819
-0.0400391 -54.7292
-0.0419922 -54.4812
-0.0439453 -54.2857
-0.0459766 -54.0378
-0.0479298 -53.8089
-0.0499611 -53.5705
-0.0519142 -53.3607
-0.0538673 -53.1222
-0.0558987 -52.9029
-0.0578518 -52.6692
-0.0598831 -52.4451
-0.0618362 -52.2305
-0.0637894 -52.0207
-0.0658207 -51.8252
-0.0677738 -51.5916
-0.0698051 -51.4104
-0.0717583 -51.1958
-0.0737114 -50.986
-0.0757427 -50.7953
-0.0776958 -50.5759
-0.0797272 -50.39
-0.0816803 -50.1992
-0.0836334 -49.9846
-0.0856647 -49.8225
-0.0876179 -49.6318
-0.089571 -49.4267
-0.0916023 -49.2646
-0.0935555 -49.0548
-0.0955858 -48.8784
-0.0975389 -48.7067
-0.0994921 -48.4874
-0.0975389 -47.157
-0.0955858 -46.2701
-0.0935555 -45.5596
-0.0916023 -44.9588
-0.089571 -44.4057
-0.0876179 -43.9002
-0.0856647 -43.4281
-0.0836334 -42.9703
-0.0816803 -42.5507
-0.0797272 -42.1454
-0.0776958 -41.7544
-0.0757427 -41.3825
-0.0737114 -41.0153
-0.0717583 -40.672
-0.0698051 -40.3239
-0.0677738 -39.971
-0.0658207 -39.6658
-0.0637894 -39.3368
-0.0618362 -39.0269
-0.0598831 -38.7169
-0.0578518 -38.4356
-0.0558987 -38.1447
-0.0538673 -37.8491
-0.0519142 -37.5725
-0.0499611 -37.2769
-0.0479298 -36.9956
-0.0459766 -36.719
-0.0439453 -36.452
-0.0419922 -36.1611
-0.0400391 -35.9322
-0.0380077 -35.6699
-0.0360546 -35.4125
-0.0341015 -35.1645
-0.0320702 -34.9118
-0.030117 -34.659
-0.0280857 -34.4159
-0.0261326 -34.1679
-0.0241795 -33.9438
-0.0221481 -33.6768
-0.020195 -33.4431
-0.0181637 -33.2619
-0.0162106 -32.9997
-0.0142574 -32.7755
-0.0122261 -32.5276
-0.010273 -32.2749
-0.00824261 -32.0698
-0.00628948 -31.8457
-0.00433636 -31.6216
-0.00230503 -31.3832
-0.000351906 -31.1352
0.00167942 -30.9444
0.00363255 -30.7156
0.00558567 -30.4914
0.007617 -30.2816
0.00957012 -30.0528
0.0115232 -29.8334
0.0135546 -29.6236
0.0155077 -29.3995
0.017539 -29.1801
0.0194921 -28.956
0.0214453 -28.7605
0.0234766 -28.5316
0.0254297 -28.3361
0.0274611 -28.093
0.0294142 -27.8784
0.0313673 -27.6447
0.0333986 -27.4492
0.0353518 -27.2203
0.0373831 -26.9962
0.0393362 -26.7721
0.0412893 -26.5671
0.0433207 -26.3287
0.0452738 -26.1284
0.0472269 -25.8757
0.0492582 -25.6706
0.0512114 -25.4417
0.0532427 -25.2129
0.0551958 -24.9887
0.0571489 -24.7646
0.0591803 -24.5167
0.0611334 -24.3402
0.0631647 -24.0637
0.0651178 -23.8539
0.067071 -23.6012
0.0691023 -23.3627
0.0710554 -23.1243
0.0730858 -22.8573
0.0750389 -22.6332
0.076993 -22.3804
0.0790234 -22.1182
0.0809765 -21.875
0.0830078 -21.608
0.0849609 -21.3552
0.0869141 -21.0835
0.0889454 -20.8212
0.0908985 -20.5542
0.0928516 -20.2728
0.094883 -20.001
0.0968361 -19.7149
0.0988674 -19.4384
0.100821 -19.1666
0.102774 -18.8709
0.104805 -18.5371
0.106758 -18.2653
0.108789 -17.9458
0.110743 -17.6311
0.112696 -17.3021
0.114727 -16.9826
0.11668 -16.625
0.118711 -16.3198
0.120665 -15.9479
0.122618 -15.6236
0.124649 -15.2517
0.126602 -14.8607
0.128633 -14.5078
0.130587 -14.1407
0.13254 -13.7353
0.134571 -13.3396
0.136524 -12.8961
0.138477 -12.5337
0.140509 -12.157
0.142462 -11.7136
0.144493 -11.2701
0.146446 -10.798
0.148399 -10.3689
0.150431 -9.93756
0.152384 -9.45167
0.154415 -8.96576
0.156368 -8.44983
0.158321 -7.97203
0.160352 -7.46706
0.162305 -6.94635
0.164336 -6.4204
0.166289 -5.86822
0.168242 -5.31222
0.170274 -4.77006
0.172227 -4.20166
0.17418 -3.61754
0.176211 -3.01577
0.178164 -2.42306
0.180196 -1.87278
0.182149 -1.25003
0.184102 -0.615358
0.186133 0.0288486
0.188087 0.655894
0.190118 1.31536
0.192071 1.95337
0.194024 2.65003
0.196055 3.30569
0.198009 3.96897
0.20004 4.65323
0.201993 5.33893
0.203946 6.01842
0.205977 6.73845
0.207931 7.4065
0.209962 8.1642
0.211915 8.83177
0.213868 9.56038
0.215899 10.2752
0.217853 11.0004
0.219806 11.6752
0.221837 12.3756
0.22379 13.1062
0.225821 13.8343
0.227775 14.55
0.229728 15.2944
0.231759 16.0068
0.233712 16.7401
0.235744 17.4535
0.237697 18.1492
0.23965 18.8568
0.241681 19.5745
0.243634 20.2721
0.245665 20.9401
0.247618 21.6463
0.249571 22.3339
0.251602 23.033
0.253555 23.6996
0.255587 24.3476
0.25754 25.01
0.259493 25.6155
0.261524 26.2526
0.263477 26.9064
0.26543 27.4886
0.267462 28.1395
0.269415 28.6978
0.271446 29.3053
0.273399 29.9071
0.275352 30.4345
0.277384 30.959
0.279337 31.5102
0.281368 32.0166
0.283321 32.5898
0.285275 33.0151
0.287306 33.5234
0.289259 33.9617
0.29129 34.438
0.293243 34.8719
0.295197 35.2758
0.297228 35.6745
0.299181 36.0097
0.301134 36.375
0.303165 36.7559
0.305119 37.073
0.30715 37.4063
0.309103 37.6987
0.311056 37.9862
0.313087 38.2737
0.315041 38.5193
0.317072 38.7391
0.319025 38.947
0.320978 39.1378
0.323009 39.3194
0.324963 39.4816
0.326994 39.6194
0.328947 39.7462
0.3309 39.8697
0.332931 39.9589
0.334884 40.0132
0.336915 40.0852
0.338868 40.0781
0.340821 40.1116
0.342853 40.142
0.344806 40.141
0.346759 40.1396
0.34879 40.0991
0.350743 40.0557
0.352775 39.9932
0.354728 39.915
0.356681 39.853
0.358712 39.7195
0.360665 39.6175
0.362697 39.4963
0.36465 39.3709
0.366603 39.226
0.368634 39.0739
0.370587 38.8993
0.372619 38.7382
0.374572 38.5446
0.376525 38.3529
0.378556 38.1083
0.380509 37.9251
0.382541 37.7158
0.384494 37.4841
0.386447 37.2681
0.388478 37.0449
0.390431 36.8179
0.392385 36.5528
0.394416 36.3206
0.396369 36.0636
0.3984 35.8247
0.400353 35.5762
0.402307 35.292
0.404338 35.0474
0.406291 34.7833
0.408322 34.5229
0.410275 34.2611
0.412229 33.996
0.414259 33.7223
0.416212 33.4529
0.418243 33.1792
0.420197 32.9155
0.42215 32.6465
0.424181 32.3652
0.426134 32.1168
0.428087 31.8545
0.430119 31.6199
0.432072 31.319
0.434103 31.0672
0.436056 30.8036
0.438009 30.5661
0.440041 30.3096
0.441994 30.0482
0.444025 29.7927
0.445978 29.559
0.447931 29.2987
0.449963 29.0636
0.451916 28.8113
0.453947 28.5843
0.4559 28.3331
0.457853 28.1027
0.459885 27.861
0.461838 27.6359
0.463869 27.4118
0.465822 27.1834
0.467775 26.9683
0.469807 26.7519
0.47176 26.5382
0.473713 26.3241
0.475744 26.0976
0.477697 25.9083
0.479729 25.6947
0.481682 25.492
0.483635 25.2975
0.485666 25.0958
0.487619 24.9113
0.489651 24.711
0.491604 24.5131
0.493557 24.3481
0.495588 24.1478
0.497541 23.9609
0.499572 23.7783
0.501525 23.6028
0.503478 23.4488
0.505509 23.2514
0.507463 23.1012
0.509494 22.93
0.511447 22.7683
0.5134 22.5986
0.515431 22.4403
0.517385 22.2844
0.519338 22.1361
0.521369 21.962
0.523322 21.8261
0.525353 21.6688
0.527307 21.5348
0.52926 21.3722
0.531291 21.2415
0.533244 21.0946
0.535275 20.9688
0.537229 20.8128
0.539182 20.6645
0.541213 20.5463
0.543166 20.408
0.545197 20.2864
0.547151 20.1581
0.549104 20.0265
0.551135 19.8983
0.553088 19.7857
0.555041 19.657
0.557073 19.5278
0.559026 19.4133
0.561057 19.2979
0.56301 19.1806
0.564963 19.0628
0.566995 18.9665
0.568948 18.8516
0.570979 18.7448
0.572932 18.6299
0.574885 18.5283
0.576917 18.4191
0.57887 18.3037
0.580901 18.2069
0.582854 18.1139
0.584807 18.0014
0.586838 17.9146
0.588791 17.813
0.590822 17.7139
0.592775 17.6199
0.594728 17.5207
0.59676 17.4459
0.598713 17.3424
0.600666 17.2537
0.602697 17.1607
0.60465 17.0782
0.606682 16.9876
0.608635 16.908
0.610588 16.8183
0.612619 16.7301
0.614573 16.6505
0.616604 16.5823
0.618557 16.4874
0.62051 16.4097
0.622541 16.3372
0.624495 16.2585
0.626526 16.1751
0.628479 16.0974
0.630432 16.0287
0.632463 15.9481
0.634417 15.888
0.636448 15.7993
0.638401 15.7345
0.640354 15.663
0.642385 15.5843
0.644339 15.5285
0.646292 15.4579
0.648323 15.3888
0.650276 15.3192
0.652308 15.2591
0.654261 15.1947
0.656214 15.1375
0.658245 15.0569
0.660198 15.004
0.66223 14.9444
0.664183 14.881
0.666136 14.8223
0.668166 14.7637
0.67012 14.7055
0.672151 14.643
0.674104 14.5815
0.676057 14.5219
0.678088 14.4704
0.680041 14.4184
0.681994 14.3712
0.684026 14.3059
0.685979 14.2563
0.68801 14.2115
0.689963 14.1552
0.691916 14.0946
0.693948 14.0575
0.695901 14.0031
0.697932 13.9378
0.699885 13.9025
0.697932 13.3665
0.695901 13.0723
0.693948 12.8429
0.691916 12.6417
