0.689963 14.1819
0.68801 14.0012
0.685979 13.8629
0.684026 13.716
0.681994 13.5725
0.680041 13.4409
0.678088 13.3107
0.676057 13.1853
0.674104 13.0866
0.672151 12.9602
0.67012 12.8491
0.668166 12.7452
0.666136 12.6508
0.664183 12.5373
0.66223 12.429
0.660198 12.3389
0.658245 12.2402
0.656214 12.1506
0.654261 12.0681
0.652308 11.9684
0.650276 11.8797
0.648323 11.7896
0.646292 11.7004
0.644339 11.6198
0.642385 11.5383
0.640354 11.4649
0.638401 11.3733
0.636448 11.2904
0.634417 11.2131
0.632463 11.1354
0.630432 11.0567
0.628479 10.9919
0.626526 10.906
0.624495 10.845
0.622541 10.7539
0.62051 10.6876
0.618557 10.6161
0.616604 10.556
0.614573 10.4745
0.612619 10.3925
0.610588 10.3386
0.608635 10.2837
0.606682 10.1946
0.60465 10.1355
0.602697 10.0553
0.600666 10.0038
0.598713 9.93661
0.59676 9.87224
0.594728 9.80166
0.592775 9.74826
0.590822 9.68484
0.588791 9.62857
0.586838 9.56134
0.584807 9.50412
0.582854 9.4407
0.580901 9.37871
0.57887 9.30956
0.576917 9.26522
0.574885 9.19369
0.572932 9.1379
0.570979 9.08879
0.568948 9.02108
0.566995 8.96863
0.564963 8.91045
0.56301 8.83702
0.561057 8.79744
0.559026 8.73259
0.557073 8.68014
0.555041 8.62339
0.553088 8.56904
0.551135 8.51134
0.549104 8.46032
0.547151 8.40691
0.545197 8.35732
0.543166 8.29104
0.541213 8.23573
0.539182 8.18518
0.537229 8.1456
0.535275 8.09649
0.533244 8.03307
0.531291 7.97632
0.52926 7.9191
0.527307 7.88191
0.525353 7.82183
0.523322 7.77081
0.521369 7.71263
0.519338 7.67591
0.517385 7.60391
0.515431 7.57101
0.5134 7.51093
0.511447 7.4642
0.509494 7.40841
0.507463 7.36263
0.505509 7.30207
0.503478 7.26488
0.501525 7.20194
0.499572 7.15759
0.497541 7.11611
0.495588 7.0565
0.493557 7.00596
0.491604 6.96161
0.489651 6.9125
0.487619 6.85909
0.485666 6.80425
0.483635 6.758
0.481682 6.70269
0.479729 6.65548
0.477697 6.61018
0.475744 6.5644
0.473713 6.49431
0.47176 6.4657
0.469807 6.40991
0.467775 6.35221
0.465822 6.30214
0.463869 6.25255
0.461838 6.2001
0.459885 6.14336
0.457853 6.11236
0.4559 6.05514
0.453947 6.00841
0.451916 5.955
0.449963 5.90255
0.447931 5.83818
0.445978 5.80385
0.444025 5.74043
0.441994 5.70228
0.440041 5.64172
0.438009 5.58927
0.436056 5.53157
0.434103 5.48055
0.432072 5.42285
0.430119 5.39186
0.428087 5.32176
0.426134 5.26216
0.424181 5.2159
0.42215 5.15439
0.420197 5.10575
0.418243 5.04519
0.416212 4.99322
0.414259 4.94506
0.412229 4.88355
0.410275 4.82776
0.408322 4.75671
0.406291 4.70569
0.404338 4.64513
0.402307 4.58314
0.400353 4.52783
0.3984 4.46536
0.396369 4.39479
0.394416 4.34615
0.392385 4.27271
0.390431 4.2112
0.388478 4.14349
0.386447 4.0691
0.384494 3.99901
0.382541 3.93988
0.380509 3.87265
0.378556 3.78872
0.376525 3.74104
0.374572 3.66141
0.372619 3.59417
0.370587 3.50691
0.368634 3.43014
0.366603 3.34765
0.36465 3.26945
0.362697 3.18171
0.360665 3.09731
0.358712 3.00909
0.356681 2.92517
0.354728 2.82598
0.352775 2.74349
0.350743 2.62905
0.34879 2.54274
0.346759 2.44308
0.344806 2.3315
0.342853 2.21182
0.340821 2.11979
0.338868 1.99677
0.336915 1.89949
0.334884 1.77026
0.332931 1.64724
0.3309 1.52565
0.328947 1.37687
0.326994 1.25051
0.324963 1.10984
0.323009 0.963931
0.320978 0.808482
0.319025 0.65351
0.317072 0.509024
0.315041 0.824288
0.313087 -0.245214
0.311056 0.171829
0.309103 -0.0211954
0.30715 -0.234819
0.305119 -0.454213
0.303165 -0.662925
0.301134 -0.9105
0.299181 -1.13819
0.297228 -1.36436
0.295197 -1.61226
0.293243 -1.85602
0.29129 -2.12658
0.289259 -2.40754
0.287306 -2.68582
0.285275 -2.98041
0.283321 -3.25683
0.281368 -3.61008
0.279337 -3.92202
0.277384 -4.25944
0.275352 -4.59661
0.273399 -4.95238
0.271446 -5.32779
0.269415 -5.73611
0.267462 -6.10852
0.26543 -6.54115
0.263477 -7.20623
0.261524 -7.11372
0.259493 -7.56004
0.25754 -8.02973
0.255587 -8.53995
0.253555 -9.04158
0.251602 -9.56849
0.249571 -10.1331
0.247618 -10.6848
0.245665 -11.2446
0.243634 -11.8206
0.241681 -12.4109
0.23965 -13.0299
0.237697 -13.6793
0.235744 -14.2978
0.233712 -14.9587
0.231759 -15.6329
0.229728 -16.3229
0.227775 -17.0348
0.225821 -17.7391
0.22379 -18.4797
0.221837 -19.2245
0.219806 -19.9617
0.217853 -20.6774
0.215899 -21.4647
0.213868 -22.2639
0.211915 -23.0935
0.209962 -23.857
0.207931 -24.7367
0.205977 -25.5493
0.203946 -26.4014
0.201993 -27.2478
0.20004 -28.1051
0.198009 -28.973
0.196055 -29.8346
0.194024 -30.6843
0.192071 -31.6104
0.190118 -32.4634
0.188087 -33.3709
0.186133 -34.213
0.184102 -35.1433
0.182149 -36.0288
0.180196 -36.9157
0.178164 -37.7177
0.176211 -38.6061
0.17418 -39.4892
0.172227 -40.3523
0.170274 -41.2091
0.168242 -42.0431
0.166289 -42.8895
0.164336 -43.7464
0.162305 -44.5346
0.160352 -45.3495
0.158321 -46.1392
0.156368 -46.8912
0.154415 -47.688
0.152384 -48.4428
0.150431 -49.1929
0.148399 -49.8981
0.146446 -50.5805
0.144493 -51.2919
0.142462 -51.97
0.140509 -52.6189
0.138477 -53.1659
0.136524 -53.7047
0.134571 -54.3747
0.13254 -54.9206
0.130587 -55.48
0.128633 -55.9692
0.126602 -56.4713
0.124649 -56.9677
0.122618 -57.4264
0.120665 -57.8122
0.118711 -58.2571
0.11668 -58.6047
0.114727 -58.9948
0.112696 -59.3185
0.110743 -59.6619
0.108789 -59.9315
0.106758 -60.1938
0.104805 -60.4227
0.102774 -60.6706
0.100821 -60.8614
0.0988674 -61.0139
0.0968361 -61.1713
0.094883 -61.3191
0.0928516 -61.4622
0.0908985 -61.5671
0.0889454 -61.6291
0.0869141 -61.7006
0.0849609 -61.7673
0.0830078 -61.7769
0.0809765 -61.8007
0.0790234 -61.7816
0.076993 -61.796
0.0750389 -61.7626
0.0730858 -61.7054
0.0710554 -61.6624
0.0691023 -61.5814
0.067071 -61.5003
0.0651178 -61.4002
0.0631647 -61.2667
0.0611334 -61.1761
0.0591803 -60.971
0.0571489 -60.8614
0.0551958 -60.6992
0.0532427 -60.5514
0.0512114 -60.3797
0.0492582 -60.1985
0.0472269 -59.9935
0.0452738 -59.8505
0.0433207 -59.6073
0.0412893 -59.4213
0.0393362 -59.2067
0.0373831 -59.0065
0.0353518 -58.7823
0.0333986 -58.5535
0.0313673 -58.3055
0.0294142 -58.1052
0.0274611 -57.862
0.0254297 -57.6427
0.0234766 -57.3661
0.0214453 -57.1468
0.0194921 -56.8655
0.017539 -56.6461
0.0155077 -56.3743
0.0135546 -56.1502
0.0115232 -55.8927
0.00957012 -55.6304
0.007617 -55.3824
0.00558567 -55.1393
0.00363255 -54.8913
0.00167942 -54.6386
-0.000351906 -54.362
-0.00230503 -54.1379
-0.00433636 -53.8995
-0.00628948 -53.642
-0.00824261 -53.3845
-0.010273 -53.1222
-0.0122261 -52.9029
-0.0142574 -52.6549
-0.0162106 -52.407
-0.0181637 -52.1543
-0.020195 -51.8777
-0.0221481 -51.6631
-0.0241795 -51.4247
-0.0261326 -51.191
-0.0280857 -50.9669
-0.030117 -50.7285
-0.0320702 -50.5139
-0.0341015 -50.2755
-0.0360546 -50.0562
-0.0380077 -49.8178
-0.0400391 -49.5889
-0.0419922 -49.36
-0.0439453 -49.1549
-0.0459766 -48.9404
-0.0479298 -48.7163
-0.0499611 -48.4921
-0.0519142 -48.2966
-0.0538673 -48.0773
-0.0558987 -47.877
-0.0578518 -47.6624
-0.0598831 -47.4336
-0.0618362 -47.2476
-0.0637894 -47.0521
-0.0658207 -46.8661
-0.0677738 -46.6563
-0.0698051 -46.4704
-0.0717583 -46.2844
-0.0737114 -46.0793
-0.0757427 -45.9029
-0.0776958 -45.7122
-0.0797272 -45.531
-0.0816803 -45.3498
-0.0836334 -45.1638
-0.0856647 -45.0065
-0.0876179 -44.8205
-0.089571 -44.6488
-0.0916023 -44.4963
-0.0935555 -44.3055
-0.0955858 -44.1482
-0.0975389 -43.9765
-0.0994921 -43.7858
-0.0975389 -42.4983
-0.0955858 -41.6733
-0.0935555 -41.001
-0.0916023 -40.4479
-0.089571 -39.9186
-0.0876179 -39.456
-0.0856647 -39.0126
-0.0836334 -38.593
-0.0816803 -38.2067
-0.0797272 -37.83
-0.0776958 -37.4676
-0.0757427 -37.1243
-0.0737114 -36.7714
-0.0717583 -36.4615
-0.0698051 -36.142
-0.0677738 -35.8178
-0.0658207 -35.5317
-0.0637894 -35.2313
-0.0618362 -34.9452
-0.0598831 -34.6495
-0.0578518 -34.3825
-0.0558987 -34.125
-0.0538673 -33.8294
-0.0519142 -33.5814
-0.0499611 -33.3001
-0.0479298 -33.0712
-0.0459766 -32.8137
-0.0439453 -32.5562
-0.0419922 -32.2892
-0.0400391 -32.0651
-0.0380077 -31.8219
-0.0360546 -31.5978
-0.0341015 -31.3593
-0.0320702 -31.1352
-0.030117 -30.8825
-0.0280857 -30.6774
-0.0261326 -30.4247
-0.0241795 -30.2244
-0.0221481 -29.986
-0.020195 -29.7667
-0.0181637 -29.595
-0.0162106 -29.3661
-0.0142574 -29.1563
-0.0122261 -28.937
-0.010273 -28.6985
-0.00824261 -28.5173
-0.00628948 -28.298
-0.00433636 -28.0977
-0.00230503 -27.8879
-0.000351906 -27.6495
0.00167942 -27.4635
0.00363255 -27.268
0.00558567 -27.0582
0.007617 -26.8723
0.00957012 -26.6529
0.0115232 -26.4717
0.0135546 -26.2476
0.0155077 -26.0569
0.017539 -25.8518
0.0194921 -25.6516
0.0214453 -25.4656
0.0234766 -25.2701
0.0254297 -25.0698
0.0274611 -24.8695
0.0294142 -24.6693
0.0313673 -24.4595
0.0333986 -24.2735
0.0353518 -24.0685
0.0373831 -23.8491
0.0393362 -23.6393
0.0412893 -23.4533
0.0433207 -23.2626
0.0452738 -23.0766
0.0472269 -22.843
0.0492582 -22.6522
0.0512114 -22.4377
0.0532427 -22.2231
0.0551958 -22.0228
0.0571489 -21.813
0.0591803 -21.6032
0.0611334 -21.4172
0.0631647 -21.1884
0.0651178 -20.9881
0.067071 -20.7449
0.0691023 -20.5351
0.0710554 -20.3253
0.0730858 -20.0726
0.0750389 -19.8771
0.076993 -19.6386
0.0790234 -19.4002
0.0809765 -19.1761
0.0830078 -18.9234
0.0849609 -18.6992
0.0869141 -18.4465
0.0889454 -18.2128
0.0908985 -17.9744
0.0928516 -17.7217
0.094883 -17.4451
0.0968361 -17.1781
0.0988674 -16.9302
0.100821 -16.6774
0.102774 -16.4104
0.104805 -16.1052
0.106758 -15.843
0.108789 -15.5616
0.110743 -15.2612
0.112696 -14.9513
0.114727 -14.6556
0.11668 -14.3219
0.118711 -14.0214
0.120665 -13.6829
0.122618 -13.3825
0.124649 -13.0344
0.126602 -12.6911
0.128633 -12.3334
0.130587 -11.9949
0.13254 -11.623
0.134571 -11.2415
0.136524 -10.8314
0.138477 -10.5155
0.140509 -10.1602
0.142462 -9.7268
0.144493 -9.31338
0.146446 -8.85848
0.148399 -8.45555
0.150431 -8.00255
0.152384 -7.54192
0.154415 -7.07653
0.156368 -6.59301
0.158321 -6.11951
0.160352 -5.63457
0.162305 -5.13436
0.164336 -4.62176
0.166289 -4.09199
0.168242 -3.55889
0.170274 -3.01386
0.172227 -2.46454
0.17418 -1.89901
0.176211 -1.32061
0.178164 -0.741725
0.180196 -0.196695
0.182149 0.418901
0.184102 1.02163
0.186133 1.67728
0.188087 2.2781
0.190118 2.93423
0.192071 3.56318
0.194024 4.25793
0.196055 4.89785
0.198009 5.56781
0.20004 6.25541
0.201993 6.9187
0.203946 7.61011
0.205977 8.32537
0.207931 9.00486
0.209962 9.75875
0.211915 10.4244
0.213868 11.1621
0.215899 11.875
0.217853 12.6007
0.219806 13.2764
0.221837 13.9859
0.22379 14.7307
0.225821 15.4703
0.227775 16.1865
0.229728 16.9328
0.231759 17.6767
0.233712 18.4243
0.235744 19.1448
0.237697 19.8477
0.23965 20.5701
0.241681 21.3173
0.243634 22.0269
0.245665 22.7254
0.247618 23.4283
0.249571 24.145
0.251602 24.8569
0.253555 25.544
0.255587 26.2102
0.25754 26.9035
0.259493 27.5429
0.261524 28.2019
0.263477 28.8695
0.26543 29.4803
0.267462 30.1489
0.269415 30.7516
0.271446 31.3858
0.273399 32.0152
0.275352 32.5855
0.277384 33.1353
0.279337 33.7113
0.281368 34.2478
0.283321 34.8481
0.285275 35.3016
0.287306 35.8247
0.289259 36.3225
0.29129 36.8289
0.293243 37.2995
0.295197 37.7292
0.297228 38.155
0.299181 38.5322
0.301134 38.9299
0.303165 39.3442
0.305119 39.6909
0.30715 40.0461
0.309103 40.3937
0.311056 40.7118
0.313087 41.0322
0.315041 41.3021
0.317072 41.5539
0.319025 41.7871
0.320978 42.0217
0.323009 42.2382
0.324963 42.426
0.326994 42.5891
0.328947 42.7422
0.3309 42.8957
0.332931 43.0173
0.334884 43.1065
0.336915 43.209
0.338868 43.2285
0.340821 43.3163
0.342853 43.3411
0.344806 43.3654
0.346759 43.3797
0.34879 43.363
0.350743 43.353
0.352775 43.3144
0.354728 43.2357
0.356681 43.22
0.358712 43.0898
0.360665 43.0164
0.362697 42.9033
0.36465 42.7942
0.366603 42.6692
0.368634 42.5238
0.370587 42.3621
0.372619 42.2186
0.374572 42.0193
0.376525 41.8615
0.378556 41.6211
0.380509 41.4447
0.382541 41.2449
0.384494 41.0256
0.386447 40.82
0.388478 40.6083
0.390431 40.378
0.392385 40.1291
0.394416 39.8916
0.396369 39.6432
0.3984 39.3967
0.400353 39.1397
0.402307 38.876
0.404338 38.6132
0.406291 38.3548
0.408322 38.1006
0.410275 37.8474
0.412229 37.5508
0.414259 37.2962
0.416212 37.0153
0.418243 36.7383
0.420197 36.4751
0.42215 36.209
0.424181 35.9353
0.426134 35.6621
0.428087 35.3979
0.430119 35.1566
0.432072 34.8529
0.434103 34.5944
0.436056 34.3222
0.438009 34.0742
0.440041 33.8139
0.441994 33.5473
0.444025 33.2826
0.445978 33.0347
0.447931 32.771
0.449963 32.5297
0.451916 32.267
0.453947 32.0247
0.4559 31.772
0.457853 31.5369
0.459885 31.2737
0.461838 31.051
0.463869 30.815
0.465822 30.5823
0.467775 30.352
0.469807 30.1346
0.47176 29.9019
0.473713 29.6797
0.475744 29.4541
0.477697 29.2467
0.479729 29.0254
0.481682 28.819
0.483635 28.6072
0.485666 28.3979
0.487619 28.2072
0.489651 27.9893
0.491604 27.7866
0.493557 27.6002
0.495588 27.4056
0.497541 27.222
0.499572 27.0136
0.501525 26.8224
0.503478 26.6565
0.505509 26.4681
0.507463 26.2898
0.509494 26.1196
0.511447 25.9408
0.5134 25.7605
0.515431 25.6022
0.517385 25.4324
0.519338 25.2708
0.521369 25.1063
0.523322 24.937
0.525353 24.7849
0.527307 24.6352
0.52926 24.474
0.531291 24.3281
0.533244 24.1669
0.535275 24.0305
0.537229 23.8832
0.539182 23.7211
0.541213 23.5847
0.543166 23.4526
0.545197 23.311
0.547151 23.1722
0.549104 23.0368
0.551135 22.9138
0.553088 22.7707
0.555041 22.6367
0.557073 22.5213
0.559026 22.3964
0.561057 22.2624
0.56301 22.1427
0.564963 22.0159
0.566995 21.9115
0.568948 21.7703
0.570979 21.6626
0.572932 21.5457
0.574885 21.4332
0.576917 21.3288
0.57887 21.2034
0.580901 21.1004
0.582854 20.984
0.584807 20.8829
0.586838 20.7785
0.588791 20.6741
0.590822 20.5634
0.592775 20.4709
0.594728 20.3617
0.59676 20.2788
0.598713 20.1629
0.600666 20.079
0.602697 19.9698
0.60465 19.882
0.606682 19.7976
0.608635 19.7023
0.610588 19.6012
0.612619 19.5149
0.614573 19.4224
0.616604 19.338
0.618557 19.2388
0.62051 19.1534
0.622541 19.0686
0.624495 18.9842
0.626526 18.9093
0.628479 18.8268
0.630432 18.7476
0.632463 18.6699
0.634417 18.585
0.636448 18.5054
0.638401 18.4382
0.640354 18.3643
0.642385 18.2851
0.644339 18.2117
0.646292 18.1287
0.648323 18.0591
0.650276 17.9909
0.652308 17.906
0.654261 17.844
0.656214 17.773
0.658245 17.7034
0.660198 17.6323
0.66223 17.5741
0.664183 17.5083
0.666136 17.4411
0.668166 17.3624
0.67012 17.3066
0.672151 17.2461
0.674104 17.1831
0.676057 17.1221
0.678088 17.062
0.680041 17.0005
0.681994 16.9538
0.684026 16.8884
0.685979 16.8293
0.68801 16.7716
0.689963 16.7154
0.691916 16.6529
0.693948 16.6085
0.695901 16.5489
0.697932 16.4841
0.699885 16.4383
0.697932 15.8952
0.695901 15.5871
0.693948 15.353
0.691916 15.1303
