0.689963 14.9539
0.68801 14.7751
0.685979 14.6301
0.684026 14.4795
0.681994 14.3407
0.680041 14.2081
0.678088 14.0741
0.676057 13.9387
0.674104 13.8305
0.672151 13.7094
0.67012 13.6078
0.668166 13.4895
0.666136 13.3956
0.664183 13.274
0.66223 13.181
0.660198 13.0799
0.658245 12.985
0.656214 12.8954
0.654261 12.8038
0.652308 12.708
0.650276 12.6198
0.648323 12.5201
0.646292 12.4295
0.644339 12.3518
0.642385 12.2564
0.640354 12.1887
0.638401 12.0919
0.636448 12.0113
0.634417 11.9365
0.632463 11.8511
0.630432 11.7724
0.628479 11.6995
0.626526 11.6237
0.624495 11.5483
0.622541 11.4587
0.62051 11.3876
0.618557 11.3213
0.616604 11.2613
0.614573 11.175
0.612619 11.1106
0.610588 11.0414
0.608635 10.9761
0.606682 10.8984
0.60465 10.8283
0.602697 10.7577
0.600666 10.6948
0.598713 10.6299
0.59676 10.5651
0.594728 10.4978
0.592775 10.4292
0.590822 10.3662
0.588791 10.3124
0.586838 10.2418
0.584807 10.1769
0.582854 10.1192
0.580901 10.0482
0.57887 9.98811
0.576917 9.94901
0.574885 9.86651
0.572932 9.80977
0.570979 9.75684
0.568948 9.69199
0.566995 9.6424
0.564963 9.56992
0.56301 9.52033
0.561057 9.45548
0.559026 9.39731
0.557073 9.35248
0.555041 9.28334
0.553088 9.22755
0.551135 9.17271
0.549104 9.11549
0.547151 9.06161
0.545197 9.01154
0.543166 8.94288
0.541213 8.88756
0.539182 8.82748
0.537229 8.78933
0.535275 8.73259
0.533244 8.66726
0.531291 8.62483
0.52926 8.56617
0.527307 8.50895
0.525353 8.4627
0.523322 8.40643
0.521369 8.3392
0.519338 8.30821
0.517385 8.23477
0.515431 8.19281
0.5134 8.13702
0.511447 8.0879
0.509494 8.03211
0.507463 7.98014
0.505509 7.92768
0.503478 7.88095
0.501525 7.81324
0.499572 7.7627
0.497541 7.71978
0.495588 7.66733
0.493557 7.61393
0.491604 7.561
0.489651 7.51951
0.487619 7.46754
0.485666 7.39983
0.483635 7.35691
0.481682 7.30923
0.479729 7.25487
0.477697 7.19049
0.475744 7.15187
0.473713 7.09846
0.47176 7.0422
0.469807 6.99499
0.467775 6.933
0.465822 6.87578
0.463869 6.83572
0.461838 6.77803
0.459885 6.72224
0.457853 6.68504
0.4559 6.62401
0.453947 6.57346
0.451916 6.51481
0.449963 6.46713
0.447931 6.40609
0.445978 6.36365
0.444025 6.30071
0.441994 6.24492
0.440041 6.19342
0.438009 6.13954
0.436056 6.07898
0.434103 6.02558
0.432072 5.96597
0.430119 5.92973
0.428087 5.84438
0.426134 5.7924
0.424181 5.74424
0.42215 5.68511
0.420197 5.63362
0.418243 5.56256
0.416212 5.51917
0.414259 5.45098
0.412229 5.39519
0.410275 5.33607
0.408322 5.28123
0.406291 5.21399
0.404338 5.15487
0.402307 5.0843
0.400353 5.0266
0.3984 4.96175
0.396369 4.88832
0.394416 4.8249
0.392385 4.77006
0.390431 4.70521
0.388478 4.62987
0.386447 4.55262
0.384494 4.47871
0.382541 4.40671
0.380509 4.34519
0.378556 4.26222
0.376525 4.20405
0.374572 4.11917
0.372619 4.05241
0.370587 3.95705
0.368634 3.88457
0.366603 3.79302
0.36465 3.70862
0.362697 3.62851
0.360665 3.52837
0.358712 3.44063
0.356681 3.36291
0.354728 3.25371
0.352775 3.16502
0.350743 3.05964
0.34879 2.96141
0.346759 2.85078
0.344806 2.74015
0.342853 2.63096
0.340821 2.52129
0.338868 2.39254
0.336915 2.2967
0.334884 2.16795
0.332931 2.0392
0.3309 1.90283
0.328947 1.7593
0.326994 1.62387
0.324963 1.48559
0.323009 1.33586
0.320978 1.16897
0.319025 1.01066
0.317072 0.849967
0.315041 0.686889
0.313087 0.509024
0.311056 0.832537
0.309103 -0.264526
0.30715 0.134063
0.305119 -0.0744586
0.303165 -0.304914
0.301134 -0.546576
0.299181 -0.78347
0.297228 -1.01564
0.295197 -1.26637
0.293243 -1.52991
0.29129 -1.79804
0.289259 -2.08891
0.287306 -2.37287
0.285275 -2.67948
0.283321 -2.95838
0.281368 -3.30442
0.279337 -3.63268
0.277384 -3.96766
0.275352 -4.30526
0.273399 -4.66532
0.271446 -5.05547
0.269415 -5.45711
0.267462 -5.82962
0.26543 -6.23546
0.263477 -6.68936
0.261524 -7.40841
0.259493 -7.28395
0.25754 -7.74744
0.255587 -8.26148
0.253555 -8.76692
0.251602 -9.30003
0.249571 -9.85412
0.247618 -10.4211
0.245665 -10.988
0.243634 -11.5731
0.241681 -12.1568
0.23965 -12.7895
0.237697 -13.4204
0.235744 -14.0551
0.233712 -14.7102
0.231759 -15.3974
0.229728 -16.0816
0.227775 -16.7916
0.225821 -17.5031
0.22379 -18.2555
0.221837 -18.987
0.219806 -19.7295
0.217853 -20.4428
0.215899 -21.2444
0.213868 -22.0221
0.211915 -22.8537
0.209962 -23.619
0.207931 -24.4959
0.205977 -25.3137
0.203946 -26.1582
0.201993 -26.9984
0.20004 -27.8519
0.198009 -28.7126
0.196055 -29.5905
0.194024 -30.4412
0.192071 -31.3634
0.190118 -32.1983
0.188087 -33.1105
0.186133 -33.9669
0.184102 -34.8772
0.182149 -35.757
0.180196 -36.6453
0.178164 -37.4526
0.176211 -38.3262
0.17418 -39.2169
0.172227 -40.0814
0.170274 -40.9159
0.168242 -41.7504
0.166289 -42.5958
0.164336 -43.4469
0.162305 -44.2466
0.160352 -45.0367
0.158321 -45.8192
0.156368 -46.5745
0.154415 -47.3527
0.152384 -48.1047
0.150431 -48.851
0.148399 -49.5667
0.146446 -50.2214
0.144493 -50.9476
0.142462 -51.6181
0.140509 -52.2408
0.138477 -52.7873
0.136524 -53.327
0.134571 -53.9884
0.13254 -54.5335
0.130587 -55.0861
0.128633 -55.5825
0.126602 -56.0508
0.124649 -56.5533
0.122618 -56.993
0.120665 -57.394
0.118711 -57.8241
0.11668 -58.1598
0.114727 -58.5537
0.112696 -58.8584
0.110743 -59.1884
0.108789 -59.4792
0.106758 -59.7217
0.104805 -59.9315
0.102774 -60.189
0.100821 -60.375
0.0988674 -60.5133
0.0968361 -60.6658
0.094883 -60.8089
0.0928516 -60.9472
0.0908985 -61.0521
0.0889454 -61.1188
0.0869141 -61.1856
0.0849609 -61.2142
0.0830078 -61.2476
0.0809765 -61.2667
0.0790234 -61.2428
0.076993 -61.2285
0.0750389 -61.2094
0.0730858 -61.1379
0.0710554 -61.0902
0.0691023 -61.0235
0.067071 -60.9472
0.0651178 -60.8327
0.0631647 -60.6897
0.0611334 -60.5991
0.0591803 -60.3845
0.0571489 -60.2653
0.0551958 -60.1127
0.0532427 -59.9601
0.0512114 -59.7932
0.0492582 -59.612
0.0472269 -59.4022
0.0452738 -59.2496
0.0433207 -59.0255
0.0412893 -58.8205
0.0393362 -58.5916
0.0373831 -58.3913
0.0353518 -58.1911
0.0333986 -57.9717
0.0313673 -57.7095
0.0294142 -57.4996
0.0274611 -57.266
0.0254297 -57.0323
0.0234766 -56.7558
0.0214453 -56.5412
0.0194921 -56.2694
0.017539 -56.0119
0.0155077 -55.7878
0.0135546 -55.5255
0.0115232 -55.2871
0.00957012 -55.0105
0.007617 -54.7864
0.00558567 -54.5194
0.00363255 -54.2809
0.00167942 -54.0235
-0.000351906 -53.7564
-0.00230503 -53.5371
-0.00433636 -53.2844
-0.00628948 -53.0316
-0.00824261 -52.7837
-0.010273 -52.531
-0.0122261 -52.3068
-0.0142574 -52.0684
-0.0162106 -51.8109
-0.0181637 -51.5725
-0.020195 -51.2673
-0.0221481 -51.0575
-0.0241795 -50.843
-0.0261326 -50.5807
-0.0280857 -50.3852
-0.030117 -50.1134
-0.0320702 -49.9036
-0.0341015 -49.6652
-0.0360546 -49.4506
-0.0380077 -49.2217
-0.0400391 -48.9928
-0.0419922 -48.7496
-0.0439453 -48.578
-0.0459766 -48.3348
-0.0479298 -48.125
-0.0499611 -47.9009
-0.0519142 -47.7101
-0.0538673 -47.4908
-0.0558987 -47.2905
-0.0578518 -47.0664
-0.0598831 -46.8661
-0.0618362 -46.6754
-0.0637894 -46.4656
-0.0658207 -46.2701
-0.0677738 -46.0793
-0.0698051 -45.8838
-0.0717583 -45.6931
-0.0737114 -45.4881
-0.0757427 -45.3307
-0.0776958 -45.1352
-0.0797272 -44.9636
-0.0816803 -44.7871
-0.0836334 -44.5868
-0.0856647 -44.439
-0.0876179 -44.2674
-0.089571 -44.0671
-0.0916023 -43.9145
-0.0935555 -43.7237
-0.0955858 -43.5759
-0.0975389 -43.3995
-0.0994921 -43.1944
-0.0975389 -41.9308
-0.0955858 -41.1154
-0.0935555 -40.4526
-0.0916023 -39.9043
-0.089571 -39.3893
-0.0876179 -38.9315
-0.0856647 -38.4833
-0.0836334 -38.0637
-0.0816803 -37.6774
-0.0797272 -37.296
-0.0776958 -36.9383
-0.0757427 -36.6093
-0.0737114 -36.266
-0.0717583 -35.9465
-0.0698051 -35.6175
-0.0677738 -35.3123
-0.0658207 -35.0167
-0.0637894 -34.7163
-0.0618362 -34.4159
-0.0598831 -34.1393
-0.0578518 -33.8818
-0.0558987 -33.6195
-0.0538673 -33.3382
-0.0519142 -33.0807
-0.0499611 -32.8089
-0.0479298 -32.5753
-0.0459766 -32.3225
-0.0439453 -32.0651
-0.0419922 -31.798
-0.0400391 -31.5787
-0.0380077 -31.345
-0.0360546 -31.1256
-0.0341015 -30.8729
-0.0320702 -30.644
-0.030117 -30.4199
-0.0280857 -30.1863
-0.0261326 -29.9622
-0.0241795 -29.7571
-0.0221481 -29.5282
-0.020195 -29.2994
-0.0181637 -29.1229
-0.0162106 -28.8988
-0.0142574 -28.689
-0.0122261 -28.4649
-0.010273 -28.2408
-0.00824261 -28.05
-0.00628948 -27.845
-0.00433636 -27.6209
-0.00230503 -27.4206
-0.000351906 -27.2108
0.00167942 -27.0248
0.00363255 -26.8198
0.00558567 -26.6291
0.007617 -26.4097
0.00957012 -26.2047
0.0115232 -26.0283
0.0135546 -25.8089
0.0155077 -25.6229
0.017539 -25.4274
0.0194921 -25.2081
0.0214453 -25.0507
0.0234766 -24.8362
0.0254297 -24.6597
0.0274611 -24.4499
0.0294142 -24.2401
0.0313673 -24.0255
0.0333986 -23.8443
0.0353518 -23.6488
0.0373831 -23.4343
0.0393362 -23.2435
0.0412893 -23.048
0.0433207 -22.8477
0.0452738 -22.6665
0.0472269 -22.4281
0.0492582 -22.2517
0.0512114 -22.0324
0.0532427 -21.8273
0.0551958 -21.6175
0.0571489 -21.4315
0.0591803 -21.2122
0.0611334 -21.0405
0.0631647 -20.8069
0.0651178 -20.6066
0.067071 -20.3777
0.0691023 -20.1584
0.0710554 -19.9343
0.0730858 -19.7054
0.0750389 -19.4956
0.076993 -19.2619
0.0790234 -19.0235
0.0809765 -18.8185
0.0830078 -18.5657
0.0849609 -18.3416
0.0869141 -18.0984
0.0889454 -17.8457
0.0908985 -17.6263
0.0928516 -17.3641
0.094883 -17.1018
0.0968361 -16.8491
0.0988674 -16.5868
0.100821 -16.3532
0.102774 -16.0766
0.104805 -15.781
0.106758 -15.5139
0.108789 -15.2326
0.110743 -14.937
0.112696 -14.6318
0.114727 -14.3314
0.11668 -14.0071
0.118711 -13.7163
0.120665 -13.3825
0.122618 -13.0773
0.124649 -12.7292
0.126602 -12.3811
0.128633 -12.0426
0.130587 -11.6992
0.13254 -11.3273
0.134571 -10.9554
0.136524 -10.5722
0.138477 -10.2284
0.140509 -9.86651
0.142462 -9.4488
0.144493 -9.04206
0.146446 -8.58763
0.148399 -8.18614
0.150431 -7.74172
0.152384 -7.27108
0.154415 -6.81331
0.156368 -6.32598
0.158321 -5.86679
0.160352 -5.38041
0.162305 -4.88545
0.164336 -4.36713
0.166289 -3.8345
0.168242 -3.30855
0.170274 -2.76733
0.172227 -2.22803
0.17418 -1.65296
0.176211 -1.0674
0.178164 -0.492334
0.180196 0.0441074
0.182149 0.644927
0.184102 1.27244
0.186133 1.91523
0.188087 2.51366
0.190118 3.16884
0.192071 3.80303
0.194024 4.49492
0.196055 5.13103
0.198009 5.79908
0.20004 6.48477
0.201993 7.1533
0.203946 7.84758
0.205977 8.53327
0.207931 9.23422
0.209962 9.98763
0.211915 10.6533
0.213868 11.3905
0.215899 12.1158
0.217853 12.8406
0.219806 13.5186
0.221837 14.2272
0.22379 14.9787
0.225821 15.7207
0.227775 16.445
0.229728 17.1817
0.231759 17.9251
0.233712 18.6723
0.235744 19.4085
0.237697 20.0942
0.23965 20.8429
0.241681 21.572
0.243634 22.3006
0.245665 22.9906
0.247618 23.7063
0.249571 24.4244
0.251602 25.144
0.253555 25.8373
0.255587 26.5139
0.25754 27.1963
0.259493 27.8295
0.261524 28.488
0.263477 29.168
0.26543 29.7922
0.267462 30.4722
0.269415 31.0649
0.271446 31.71
0.273399 32.3285
0.275352 32.9131
0.277384 33.4581
0.279337 34.0427
0.281368 34.5801
0.283321 35.191
0.285275 35.6645
0.287306 36.1971
0.289259 36.6911
0.29129 37.217
0.293243 37.6781
0.295197 38.1073
0.297228 38.5446
0.299181 38.9184
0.301134 39.3356
0.303165 39.7519
0.305119 40.1048
0.30715 40.4667
0.309103 40.8014
0.311056 41.1281
0.313087 41.4614
0.315041 41.7408
0.317072 41.9902
0.319025 42.221
0.320978 42.4685
0.323009 42.6931
0.324963 42.8809
0.326994 43.0516
0.328947 43.2071
0.3309 43.3697
0.332931 43.4951
0.334884 43.6019
0.336915 43.6963
0.338868 43.7245
0.340821 43.8141
0.342853 43.8361
0.344806 43.8709
0.346759 43.8961
0.34879 43.8823
0.350743 43.8689
0.352775 43.8256
0.354728 43.7602
0.356681 43.7335
0.358712 43.6172
0.360665 43.538
0.362697 43.4436
0.36465 43.3325
0.366603 43.2004
0.368634 43.0536
0.370587 42.9219
0.372619 42.7674
0.374572 42.5719
0.376525 42.4027
0.378556 42.1657
0.380509 41.994
0.382541 41.7942
0.384494 41.5878
0.386447 41.377
0.388478 41.1638
0.390431 40.9397
0.392385 40.6908
0.394416 40.4405
0.396369 40.2035
0.3984 39.9651
0.400353 39.7142
0.402307 39.4348
0.404338 39.1907
0.406291 38.9156
0.408322 38.66
0.410275 38.4068
0.412229 38.124
0.414259 37.8584
0.416212 37.5818
0.418243 37.3005
0.420197 37.0401
0.42215 36.7688
0.424181 36.4865
0.426134 36.2324
0.428087 35.9544
0.430119 35.7183
0.432072 35.4165
0.434103 35.1581
0.436056 34.8753
0.438009 34.6278
0.440041 34.3589
0.441994 34.1057
0.444025 33.831
0.445978 33.5802
0.447931 33.3275
0.449963 33.0809
0.451916 32.8234
0.453947 32.5784
0.4559 32.3261
0.457853 32.0853
0.459885 31.8297
0.461838 31.6018
0.463869 31.3653
0.465822 31.1149
0.467775 30.9023
0.469807 30.6739
0.47176 30.4416
0.473713 30.2142
0.475744 29.9963
0.477697 29.7817
0.479729 29.5638
0.481682 29.3416
0.483635 29.1461
0.485666 28.9215
0.487619 28.7274
0.489651 28.5171
0.491604 28.3216
0.493557 28.1199
0.495588 27.9211
0.497541 27.7356
0.499572 27.5386
0.501525 27.3484
0.503478 27.181
0.505509 26.9817
0.507463 26.8181
0.509494 26.6193
0.511447 26.4643
0.5134 26.2755
0.515431 26.11
0.517385 25.9512
0.519338 25.7886
0.521369 25.6051
0.523322 25.4591
0.525353 25.2951
0.527307 25.1525
0.52926 24.9761
0.531291 24.8269
0.533244 24.6747
0.535275 24.5398
0.537229 24.3777
0.539182 24.2175
0.541213 24.0782
0.543166 23.9442
0.545197 23.8141
0.547151 23.6758
0.549104 23.5341
0.551135 23.4016
0.553088 23.269
0.555041 23.1369
0.557073 23.0077
0.559026 22.8856
0.561057 22.7579
0.56301 22.6315
0.564963 22.5104
0.566995 22.3964
0.568948 22.2643
0.570979 22.1542
0.572932 22.0345
0.574885 21.9253
0.576917 21.8166
0.57887 21.6845
0.580901 21.5786
0.582854 21.4623
0.584807 21.3626
0.586838 21.2687
0.588791 21.1557
0.590822 21.045
0.592775 20.9454
0.594728 20.8314
0.59676 20.7499
0.598713 20.6393
0.600666 20.5487
0.602697 20.4452
0.60465 20.3565
0.606682 20.2688
0.608635 20.1753
0.610588 20.069
0.612619 19.985
0.614573 19.9011
0.616604 19.81
0.618557 19.7089
0.62051 19.6222
0.622541 19.5344
0.624495 19.4596
0.626526 19.3871
0.628479 19.2946
0.630432 19.2087
0.632463 19.1286
0.634417 19.0495
0.636448 18.9622
0.638401 18.8955
0.640354 18.8177
0.642385 18.7381
0.644339 18.6651
0.646292 18.5908
0.648323 18.5121
0.650276 18.4458
0.652308 18.3595
0.654261 18.3008
0.656214 18.2303
0.658245 18.1502
0.660198 18.0867
0.66223 18.0238
0.664183 17.9618
0.666136 17.8874
0.668166 17.825
0.67012 17.753
0.672151 17.6867
0.674104 17.6385
0.676057 17.5646
0.678088 17.5074
0.680041 17.4583
0.681994 17.3963
0.684026 17.3324
0.685979 17.2761
0.68801 17.2156
0.689963 17.1583
0.691916 17.0968
0.693948 17.0482
0.695901 16.9948
0.697932 16.9247
0.699885 16.877
0.697932 16.3358
0.695901 16.0359
0.693948 15.7798
0.691916 15.57
