0.689963 8.34588
0.68801 8.24431
0.685979 8.15276
0.684026 8.0612
0.681994 7.97918
0.680041 7.90051
0.678088 7.81897
0.676057 7.74458
0.674104 7.67591
0.672151 7.60582
0.67012 7.54097
0.668166 7.46992
0.666136 7.41461
0.664183 7.34594
0.66223 7.28348
0.660198 7.22864
0.658245 7.16427
0.656214 7.11468
0.654261 7.05412
0.652308 6.99928
0.650276 6.94826
0.648323 6.89438
0.646292 6.83715
0.644339 6.7847
0.642385 6.73463
0.640354 6.69315
0.638401 6.63211
0.636448 6.59111
0.634417 6.54247
0.632463 6.48811
0.630432 6.44901
0.628479 6.40562
0.626526 6.35412
0.624495 6.31359
0.622541 6.26495
0.62051 6.22251
0.618557 6.17816
0.616604 6.14192
0.614573 6.09329
0.612619 6.05276
0.610588 6.01413
0.608635 5.97169
0.606682 5.93069
0.60465 5.88348
0.602697 5.84819
0.600666 5.81386
0.598713 5.76713
0.59676 5.73566
0.594728 5.69751
0.592775 5.65507
0.590822 5.61311
0.588791 5.57687
0.586838 5.54206
0.584807 5.50773
0.582854 5.46863
0.580901 5.43859
0.57887 5.39948
0.576917 5.36611
0.574885 5.32462
0.572932 5.29315
0.570979 5.25834
0.568948 5.22925
0.566995 5.19874
0.564963 5.15582
0.56301 5.12149
0.561057 5.08906
0.559026 5.05616
0.557073 5.02755
0.555041 4.99131
0.553088 4.95698
0.551135 4.93123
0.549104 4.89308
0.547151 4.86114
0.545197 4.82823
0.543166 4.79962
0.541213 4.76577
0.539182 4.73668
0.537229 4.71236
0.535275 4.67755
0.533244 4.64322
0.531291 4.61223
0.52926 4.58362
0.527307 4.55882
0.525353 4.51829
0.523322 4.49492
0.521369 4.4625
0.519338 4.43198
0.517385 4.40194
0.515431 4.3781
0.5134 4.34376
0.511447 4.31944
0.509494 4.28559
0.507463 4.25793
0.505509 4.22932
0.503478 4.20023
0.501525 4.16686
0.499572 4.13968
0.497541 4.11536
0.495588 4.08293
0.493557 4.05957
0.491604 4.02667
0.489651 4.00282
0.487619 3.97326
0.485666 3.94227
0.483635 3.91604
0.481682 3.88838
0.479729 3.86025
0.477697 3.83212
0.475744 3.79874
0.473713 3.77537
0.47176 3.7501
0.469807 3.71624
0.467775 3.68906
0.465822 3.66189
0.463869 3.63709
0.461838 3.60657
0.459885 3.58273
0.457853 3.55746
0.4559 3.52599
0.453947 3.4969
0.451916 3.46543
0.449963 3.4392
0.447931 3.40773
0.445978 3.38675
0.444025 3.34956
0.441994 3.32428
0.440041 3.29615
0.438009 3.2623
0.436056 3.23464
0.434103 3.20794
0.432072 3.1779
0.430119 3.15501
0.428087 3.1159
0.426134 3.08968
0.424181 3.05725
0.42215 3.02578
0.420197 2.99765
0.418243 2.96522
0.416212 2.9347
0.414259 2.90943
0.412229 2.87081
0.410275 2.8441
0.408322 2.80596
0.406291 2.76829
0.404338 2.73825
0.402307 2.70725
0.400353 2.66815
0.3984 2.63144
0.396369 2.59853
0.394416 2.56277
0.392385 2.52796
0.390431 2.49125
0.388478 2.44928
0.386447 2.40971
0.384494 2.37108
0.382541 2.3315
0.380509 2.28716
0.378556 2.24377
0.376525 2.20705
0.374572 2.15555
0.372619 2.12122
0.370587 2.07258
0.368634 2.0187
0.366603 1.97245
0.36465 1.92429
0.362697 1.86754
0.360665 1.81461
0.358712 1.755
0.356681 1.70351
0.354728 1.63818
0.352775 1.58144
0.350743 1.51325
0.34879 1.45317
0.346759 1.38212
0.344806 1.30916
0.342853 1.23525
0.340821 1.16039
0.338868 1.07503
0.336915 1.00542
0.334884 0.917201
0.332931 0.959901
0.3309 0.725886
0.328947 0.528647
0.326994 0.497796
0.324963 0.409485
0.323009 0.303818
0.320978 0.18952
0.319025 0.0746493
0.317072 -0.0465631
0.315041 -0.170684
0.313087 -0.304676
0.311056 -0.450255
0.309103 -0.593355
0.30715 -0.75157
0.305119 -0.91565
0.303165 -1.08259
0.301134 -1.26637
0.299181 -1.44466
0.297228 -1.61613
0.295197 -1.81998
0.293243 -2.0253
0.29129 -2.24818
0.289259 -2.48083
0.287306 -2.71977
0.285275 -2.96239
0.283321 -3.20138
0.281368 -3.49196
0.279337 -3.76853
0.277384 -4.05292
0.275352 -4.34679
0.273399 -4.66055
0.271446 -4.99596
0.269415 -5.3473
0.267462 -5.68566
0.26543 -6.06704
0.263477 -6.11522
0.261524 -6.80675
0.259493 -7.35691
0.25754 -7.68784
0.255587 -8.11365
0.253555 -8.54615
0.251602 -9.00916
0.249571 -9.49029
0.247618 -9.99049
0.245665 -10.4883
0.243634 -10.9942
0.241681 -11.5436
0.23965 -12.1
0.237697 -12.6613
0.235744 -13.2268
0.233712 -13.8257
0.231759 -14.4456
0.229728 -15.0688
0.227775 -15.7102
0.225821 -16.3482
0.22379 -17.0177
0.221837 -17.7062
0.219806 -18.3604
0.217853 -19.0118
0.215899 -19.7295
0.213868 -20.4333
0.211915 -21.1738
0.209962 -21.8533
0.207931 -22.6386
0.205977 -23.363
0.203946 -24.1207
0.201993 -24.8588
0.20004 -25.6098
0.198009 -26.3766
0.196055 -27.1314
0.194024 -27.8562
0.192071 -28.6587
0.190118 -29.3978
0.188087 -30.1565
0.186133 -30.8894
0.184102 -31.6514
0.182149 -32.3852
0.180196 -33.122
0.178164 -33.7743
0.176211 -34.4967
0.17418 -35.2072
0.172227 -35.911
0.170274 -36.5757
0.168242 -37.2252
0.166289 -37.8732
0.164336 -38.5345
0.162305 -39.1378
0.160352 -39.7324
0.158321 -40.316
0.156368 -40.8653
0.154415 -41.438
0.152384 -41.9487
0.150431 -42.4689
0.148399 -42.9515
0.146446 -43.3735
0.144493 -43.8594
0.142462 -44.2757
0.140509 -44.6619
0.138477 -44.9771
0.136524 -45.2761
0.134571 -45.6719
0.13254 -45.9666
0.130587 -46.2522
0.128633 -46.4959
0.126602 -46.7247
0.124649 -46.9551
0.122618 -47.1534
0.120665 -47.2898
0.118711 -47.4538
0.11668 -47.5511
0.114727 -47.6746
0.112696 -47.7557
0.110743 -47.8291
0.108789 -47.872
0.106758 -47.8935
0.104805 -47.883
0.102774 -47.9006
0.100821 -47.8706
0.0988674 -47.8038
0.0968361 -47.7342
0.094883 -47.6736
0.0928516 -47.6031
0.0908985 -47.5163
0.0889454 -47.3904
0.0869141 -47.275
0.0849609 -47.1534
0.0830078 -46.9975
0.0809765 -46.8501
0.0790234 -46.6842
0.076993 -46.5345
0.0750389 -46.3638
0.0730858 -46.1683
0.0710554 -45.999
0.0691023 -45.8097
0.067071 -45.5984
0.0651178 -45.3996
0.0631647 -45.1745
0.0611334 -44.9795
0.0591803 -44.7258
0.0571489 -44.5174
0.0551958 -44.3053
0.0532427 -44.0797
0.0512114 -43.8647
0.0492582 -43.6382
0.0472269 -43.4031
0.0452738 -43.2004
0.0433207 -42.9534
0.0412893 -42.7264
0.0393362 -42.4918
0.0373831 -42.2773
0.0353518 -42.0565
0.0333986 -41.8271
0.0313673 -41.5892
0.0294142 -41.3794
0.0274611 -41.1562
0.0254297 -40.9354
0.0234766 -40.7023
0.0214453 -40.4829
0.0194921 -40.2488
0.017539 -40.0404
0.0155077 -39.8311
0.0135546 -39.6198
0.0115232 -39.41
0.00957012 -39.2021
0.007617 -39.0009
0.00558567 -38.7839
0.00363255 -38.5884
0.00167942 -38.3762
-0.000351906 -38.175
-0.00230503 -37.9867
-0.00433636 -37.8002
-0.00628948 -37.6052
-0.00824261 -37.4178
-0.010273 -37.2156
-0.0122261 -37.0435
-0.0142574 -36.8656
-0.0162106 -36.6711
-0.0181637 -36.4889
-0.020195 -36.2886
-0.0221481 -36.1265
-0.0241795 -35.9634
-0.0261326 -35.7784
-0.0280857 -35.6215
-0.030117 -35.4475
-0.0320702 -35.2901
-0.0341015 -35.1237
-0.0360546 -34.9673
-0.0380077 -34.799
-0.0400391 -34.6369
-0.0419922 -34.4848
-0.0439453 -34.3393
-0.0459766 -34.1905
-0.0479298 -34.0413
-0.0499611 -33.8863
-0.0519142 -33.7461
-0.0538673 -33.6017
-0.0558987 -33.4653
-0.0578518 -33.3098
-0.0598831 -33.1792
-0.0618362 -33.0438
-0.0637894 -32.8983
-0.0658207 -32.77
-0.0677738 -32.6399
-0.0698051 -32.5154
-0.0717583 -32.3833
-0.0737114 -32.2512
-0.0757427 -32.1244
-0.0776958 -32.0028
-0.0797272 -31.8841
-0.0816803 -31.7687
-0.0836334 -31.6371
-0.0856647 -31.5393
-0.0876179 -31.4134
-0.089571 -31.298
-0.0916023 -31.1836
-0.0935555 -31.0773
-0.0955858 -30.9623
-0.0975389 -30.8484
-0.0994921 -30.7258
-0.0975389 -30.0468
-0.0955858 -29.5862
-0.0935555 -29.2114
-0.0916023 -28.8781
-0.089571 -28.5782
-0.0876179 -28.303
-0.0856647 -28.0326
-0.0836334 -27.7814
-0.0816803 -27.551
-0.0797272 -27.3179
-0.0776958 -27.099
-0.0757427 -26.8901
-0.0737114 -26.6789
-0.0717583 -26.4815
-0.0698051 -26.2831
-0.0677738 -26.0914
-0.0658207 -25.9088
-0.0637894 -25.719
-0.0618362 -25.5397
-0.0598831 -25.3676
-0.0578518 -25.1964
-0.0558987 -25.0362
-0.0538673 -24.8631
-0.0519142 -24.7
-0.0499611 -24.5274
-0.0479298 -24.3739
-0.0459766 -24.2203
-0.0439453 -24.0577
-0.0419922 -23.8937
-0.0400391 -23.7511
-0.0380077 -23.6109
-0.0360546 -23.4579
-0.0341015 -23.3062
-0.0320702 -23.1632
-0.030117 -23.0149
-0.0280857 -22.8809
-0.0261326 -22.7292
-0.0241795 -22.5991
-0.0221481 -22.4574
-0.020195 -22.3111
-0.0181637 -22.1995
-0.0162106 -22.054
-0.0142574 -21.9139
-0.0122261 -21.7827
-0.010273 -21.6373
-0.00824261 -21.5205
-0.00628948 -21.3822
-0.00433636 -21.2539
-0.00230503 -21.118
-0.000351906 -20.9783
0.00167942 -20.8562
0.00363255 -20.7308
0.00558567 -20.603
0.007617 -20.4786
0.00957012 -20.3431
0.0115232 -20.2225
0.0135546 -20.0928
0.0155077 -19.9669
0.017539 -19.8358
0.0194921 -19.7047
0.0214453 -19.5959
0.0234766 -19.46
0.0254297 -19.3327
0.0274611 -19.2049
0.0294142 -19.0719
0.0313673 -18.9341
0.0333986 -18.8158
0.0353518 -18.6861
0.0373831 -18.5574
0.0393362 -18.4277
0.0412893 -18.3042
0.0433207 -18.1621
0.0452738 -18.0367
0.0472269 -17.8908
0.0492582 -17.7711
0.0512114 -17.6252
0.0532427 -17.4921
0.0551958 -17.3567
0.0571489 -17.2194
0.0591803 -17.0863
0.0611334 -16.9628
0.0631647 -16.7964
0.0651178 -16.6696
0.067071 -16.5218
0.0691023 -16.3625
0.0710554 -16.2166
0.0730858 -16.0521
0.0750389 -15.9066
0.076993 -15.7498
0.0790234 -15.5871
0.0809765 -15.4379
0.0830078 -15.2681
0.0849609 -15.107
0.0869141 -14.9325
0.0889454 -14.757
0.0908985 -14.5891
0.0928516 -14.3955
0.094883 -14.2139
0.0968361 -14.0236
0.0988674 -13.8376
0.100821 -13.6622
0.102774 -13.4605
0.104805 -13.2292
0.106758 -13.0332
0.108789 -12.8134
0.110743 -12.5907
0.112696 -12.3613
0.114727 -12.1305
0.11668 -11.8783
0.118711 -11.6446
0.120665 -11.38
0.122618 -11.133
0.124649 -10.8645
0.126602 -10.5808
0.128633 -10.3047
0.130587 -10.0215
0.13254 -9.71822
0.134571 -9.41781
0.136524 -9.07353
0.138477 -8.77264
0.140509 -8.47796
0.142462 -8.12844
0.144493 -7.77271
0.146446 -7.38695
0.148399 -7.03362
0.150431 -6.65357
0.152384 -6.24969
0.154415 -5.84676
0.156368 -5.42094
0.158321 -5.01182
0.160352 -4.58076
0.162305 -4.13395
0.164336 -3.68763
0.166289 -3.20937
0.168242 -2.72633
0.170274 -2.24567
0.172227 -1.755
0.17418 -1.23621
0.176211 -0.701671
0.178164 -0.176191
0.180196 0.324011
0.182149 0.871902
0.184102 0.977782
0.186133 1.96017
0.188087 2.73861
0.190118 3.2524
0.192071 3.81359
0.194024 4.43906
0.196055 5.02843
0.198009 5.65285
0.20004 6.24022
0.201993 6.48668
0.203946 8.40882
0.205977 8.33491
0.207931 8.88852
0.209962 9.5704
0.211915 10.1641
0.213868 10.8417
0.215899 11.4835
0.217853 12.153
0.219806 12.7604
0.221837 13.4056
0.22379 14.0789
0.225821 14.7465
0.227775 15.4007
0.229728 16.0654
0.231759 16.7211
0.233712 17.3782
0.235744 18.019
0.237697 18.6418
0.23965 19.2822
0.241681 19.9107
0.243634 20.5301
0.245665 21.1237
0.247618 21.7212
0.249571 22.3139
0.251602 22.9128
0.253555 23.4869
0.255587 24.0115
0.25754 24.5765
0.259493 25.0662
0.261524 25.5798
0.263477 26.1048
0.26543 26.5664
0.267462 27.0699
0.269415 27.51
0.271446 27.9711
0.273399 28.4208
0.275352 28.8137
0.277384 29.1833
0.279337 29.5533
0.281368 29.9047
0.283321 30.2886
0.285275 30.5585
0.287306 30.8694
0.289259 31.154
0.29129 31.4301
0.293243 31.6948
0.295197 31.8989
0.297228 32.0967
0.299181 32.2446
0.301134 32.4153
0.303165 32.5931
0.305119 32.7157
0.30715 32.8411
0.309103 32.9408
0.311056 33.0199
0.313087 33.1014
0.315041 33.1415
0.317072 33.1539
0.319025 33.1591
0.320978 33.152
0.323009 33.1405
0.324963 33.1062
0.326994 33.0547
0.328947 32.9851
0.3309 32.9193
0.332931 32.8301
0.334884 32.7233
0.336915 32.6117
0.338868 32.4448
0.340821 32.3352
0.342853 32.1754
0.344806 32.0228
0.346759 31.8674
0.34879 31.6981
0.350743 31.5131
0.352775 31.3243
0.354728 31.1168
0.356681 30.9409
0.358712 30.7072
0.360665 30.5051
0.362697 30.2852
0.36465 30.0707
0.366603 29.847
0.368634 29.6181
0.370587 29.3893
0.372619 29.1661
0.374572 28.9096
0.376525 28.6907
0.378556 28.4213
0.380509 28.1914
0.382541 27.9506
0.384494 27.7117
0.386447 27.4762
0.388478 27.2449
0.390431 27.007
0.392385 26.7681
0.394416 26.5273
0.396369 26.2893
0.3984 26.0533
0.400353 25.8263
0.402307 25.5869
0.404338 25.3614
0.406291 25.1301
0.408322 24.9051
0.410275 24.6905
0.412229 24.4606
0.414259 24.2413
0.416212 24.0196
0.418243 23.8017
0.420197 23.5938
0.42215 23.383
0.424181 23.1741
0.426134 22.97
0.428087 22.7693
0.430119 22.5852
0.432072 22.3668
0.434103 22.1785
0.436056 21.9859
0.438009 21.798
0.440041 21.6115
0.441994 21.4227
0.444025 21.2396
0.445978 21.0703
0.447931 20.8834
0.449963 20.7203
0.451916 20.5372
0.453947 20.3746
0.4559 20.203
0.457853 20.0408
0.459885 19.8777
0.461838 19.718
0.463869 19.5568
0.465822 19.41
0.467775 19.2564
0.469807 19.1105
0.47176 18.9551
0.473713 18.8115
0.475744 18.6623
0.477697 18.5288
0.479729 18.3881
0.481682 18.2493
0.483635 18.1182
0.485666 17.978
0.487619 17.8517
0.489651 17.7205
0.491604 17.5913
0.493557 17.4697
0.495588 17.3343
0.497541 17.2189
0.499572 17.0916
0.501525 16.9738
0.503478 16.867
0.505509 16.7387
0.507463 16.6333
0.509494 16.5141
0.511447 16.4107
0.5134 16.2972
0.515431 16.1918
0.517385 16.0826
0.519338 15.9872
0.521369 15.8742
0.523322 15.7769
0.525353 15.6735
0.527307 15.5786
0.52926 15.478
0.531291 15.3792
0.533244 15.2848
0.535275 15.1961
0.537229 15.0979
0.539182 15.0025
0.541213 14.9139
0.543166 14.8271
0.545197 14.7398
0.547151 14.6535
0.549104 14.5634
0.551135 14.4809
0.553088 14.3974
0.555041 14.3178
0.557073 14.2386
0.559026 14.148
0.561057 14.0794
0.56301 13.9988
0.564963 13.922
0.566995 13.8467
0.568948 13.7709
0.570979 13.6917
0.572932 13.6183
0.574885 13.5458
0.576917 13.4748
0.57887 13.3994
0.580901 13.336
0.582854 13.263
0.584807 13.1968
0.586838 13.131
0.588791 13.0637
0.590822 12.9936
0.592775 12.935
0.594728 12.8639
0.59676 12.8024
0.598713 12.7404
0.600666 12.6818
0.602697 12.6203
0.60465 12.5611
0.606682 12.4996
0.608635 12.4386
0.610588 12.379
0.612619 12.3265
0.614573 12.2607
0.616604 12.2121
0.618557 12.1453
0.62051 12.0953
0.622541 12.0366
0.624495 11.987
0.626526 11.9365
0.628479 11.8797
0.630432 11.832
0.632463 11.7767
0.634417 11.7262
0.636448 11.6733
0.638401 11.6275
0.640354 11.5807
0.642385 11.5273
0.644339 11.4868
0.646292 11.4301
0.648323 11.3833
0.650276 11.3395
0.652308 11.2875
0.654261 11.2493
0.656214 11.1998
0.658245 11.1506
0.660198 11.1144
0.66223 11.0734
0.664183 11.0248
0.666136 10.988
0.668166 10.9437
0.67012 10.9013
0.672151 10.8569
0.674104 10.8178
0.676057 10.7754
0.678088 10.7358
0.680041 10.7024
0.681994 10.6624
0.684026 10.6252
0.685979 10.5837
0.68801 10.5479
0.689963 10.5069
0.691916 10.4745
0.693948 10.4387
0.695901 10.3991
0.697932 10.371
0.699885 10.3324
0.697932 10.0449
0.695901 9.86318
0.693948 9.72871
0.691916 9.59805
