0.689963 9.9409
0.68801 9.83933
0.685979 9.73491
0.684026 9.64812
0.681994 9.55466
0.680041 9.46979
0.678088 9.3892
0.676057 9.31338
0.674104 9.23327
0.672151 9.16508
0.67012 9.09356
0.668166 9.02012
0.666136 8.96147
0.664183 8.89233
0.66223 8.82319
0.660198 8.76359
0.658245 8.69683
0.656214 8.64008
0.654261 8.57714
0.652308 8.52564
0.650276 8.46127
0.648323 8.405
0.646292 8.34492
0.644339 8.29676
0.642385 8.24383
0.640354 8.18995
0.638401 8.13464
0.636448 8.08361
0.634417 8.03116
0.632463 7.98395
0.630432 7.93674
0.628479 7.88763
0.626526 7.83947
0.624495 7.78654
0.622541 7.73886
0.62051 7.68927
0.618557 7.64874
0.616604 7.61345
0.614573 7.55575
0.612619 7.51045
0.610588 7.46611
0.608635 7.42891
0.606682 7.38123
0.60465 7.33498
0.602697 7.28968
0.600666 7.25344
0.598713 7.20528
0.59676 7.1657
0.594728 7.12612
0.592775 7.08559
0.590822 7.04744
0.588791 7.00214
0.586838 6.96495
0.584807 6.92204
0.582854 6.88198
0.580901 6.84335
0.57887 6.80807
0.576917 6.77326
0.574885 6.72462
0.572932 6.68838
0.570979 6.65357
0.568948 6.61542
0.566995 6.58157
0.564963 6.54151
0.56301 6.50432
0.561057 6.4676
0.559026 6.43184
0.557073 6.39989
0.555041 6.35841
0.553088 6.32598
0.551135 6.29547
0.549104 6.25827
0.547151 6.21822
0.545197 6.18722
0.543166 6.14526
0.541213 6.11665
0.539182 6.08137
0.537229 6.05228
0.535275 6.01985
0.533244 5.97456
0.531291 5.94451
0.52926 5.91161
0.527307 5.88253
0.525353 5.84438
0.523322 5.81291
0.521369 5.77762
0.519338 5.7514
0.517385 5.70848
0.515431 5.67844
0.5134 5.64744
0.511447 5.61788
0.509494 5.58545
0.507463 5.54969
0.505509 5.51869
0.503478 5.48865
0.501525 5.45146
0.499572 5.42237
0.497541 5.39186
0.495588 5.35657
0.493557 5.33416
0.491604 5.29458
0.489651 5.26359
0.487619 5.23116
0.485666 5.20207
0.483635 5.16917
0.481682 5.13484
0.479729 5.09955
0.477697 5.07094
0.475744 5.03947
0.473713 5.00943
0.47176 4.98225
0.469807 4.94601
0.467775 4.91597
0.465822 4.88021
0.463869 4.85303
0.461838 4.81441
0.459885 4.78484
0.457853 4.76052
0.4559 4.72667
0.453947 4.69853
0.451916 4.66372
0.449963 4.63035
0.447931 4.59172
0.445978 4.5655
0.444025 4.52973
0.441994 4.49922
0.440041 4.46679
0.438009 4.43341
0.436056 4.39479
0.434103 4.36284
0.432072 4.32898
0.430119 4.30085
0.428087 4.25984
0.426134 4.22884
0.424181 4.19213
0.42215 4.15637
0.420197 4.12203
0.418243 4.08484
0.416212 4.05241
0.414259 4.02333
0.412229 3.97803
0.410275 3.9456
0.408322 3.90603
0.406291 3.86073
0.404338 3.82639
0.402307 3.78491
0.400353 3.75153
0.3984 3.71148
0.396369 3.66761
0.394416 3.62422
0.392385 3.58416
0.390431 3.54363
0.388478 3.49976
0.386447 3.45351
0.384494 3.41345
0.382541 3.36672
0.380509 3.31427
0.378556 3.26563
0.376525 3.22939
0.374572 3.1736
0.372619 3.12115
0.370587 3.06631
0.368634 3.02006
0.366603 2.95378
0.36465 2.89942
0.362697 2.8441
0.360665 2.77925
0.358712 2.71488
0.356681 2.65909
0.354728 2.58518
0.352775 2.52272
0.350743 2.45167
0.34879 2.37633
0.346759 2.30051
0.344806 2.2204
0.342853 2.14077
0.340821 2.06114
0.338868 1.96768
0.336915 1.89472
0.334884 1.80078
0.332931 1.70398
0.3309 1.60432
0.328947 1.48988
0.326994 1.38736
0.324963 1.2734
0.323009 1.15848
0.320978 1.0345
0.319025 0.908141
0.317072 0.779395
0.315041 0.64445
0.313087 0.665786
0.311056 0.341769
0.309103 0.0776057
0.30715 -0.0207663
0.305119 -0.171113
0.303165 -0.335051
0.301134 -0.519063
0.299181 -0.711468
0.297228 -0.888089
0.295197 -1.08903
0.293243 -1.30232
0.29129 -1.53778
0.289259 -1.77358
0.287306 -2.01324
0.285275 -2.27335
0.283321 -2.50677
0.281368 -2.81867
0.279337 -3.09309
0.277384 -3.39536
0.275352 -3.69367
0.273399 -4.0089
0.271446 -4.35585
0.269415 -4.71
0.267462 -5.04965
0.26543 -5.43761
0.263477 -5.81217
0.261524 -6.21209
0.259493 -6.28736
0.25754 -7.02016
0.255587 -7.60248
0.253555 -7.97871
0.251602 -8.43028
0.249571 -8.91665
0.247618 -9.41257
0.245665 -9.91611
0.243634 -10.4301
0.241681 -10.9685
0.23965 -11.5312
0.237697 -12.1038
0.235744 -12.6679
0.233712 -13.2678
0.231759 -13.8839
0.229728 -14.5128
0.227775 -15.157
0.225821 -15.7936
0.22379 -16.4674
0.221837 -17.1383
0.219806 -17.7944
0.217853 -18.4525
0.215899 -19.1611
0.213868 -19.8658
0.211915 -20.6002
0.209962 -21.2844
0.207931 -22.0641
0.205977 -22.7965
0.203946 -23.5394
0.201993 -24.2771
0.20004 -25.0195
0.198009 -25.7782
0.196055 -26.5249
0.194024 -27.2597
0.192071 -28.0493
0.190118 -28.7779
0.188087 -29.5418
0.186133 -30.2576
0.184102 -31.021
0.182149 -31.7539
0.180196 -32.4701
0.178164 -33.1286
0.176211 -33.832
0.17418 -34.5401
0.172227 -35.2301
0.170274 -35.8886
0.168242 -36.5252
0.166289 -37.1698
0.164336 -37.8117
0.162305 -38.4077
0.160352 -38.999
0.158321 -39.5693
0.156368 -40.0995
0.154415 -40.6646
0.152384 -41.1796
0.150431 -41.6831
0.148399 -42.1614
0.146446 -42.571
0.144493 -43.0311
0.142462 -43.4579
0.140509 -43.8203
0.138477 -44.1207
0.136524 -44.4154
0.134571 -44.8069
0.13254 -45.0839
0.130587 -45.3557
0.128633 -45.5913
0.126602 -45.8197
0.124649 -46.0305
0.122618 -46.2202
0.120665 -46.3495
0.118711 -46.5111
0.11668 -46.5989
0.114727 -46.7166
0.112696 -46.7929
0.110743 -46.8568
0.108789 -46.8854
0.106758 -46.905
0.104805 -46.8916
0.102774 -46.9002
0.100821 -46.8616
0.0988674 -46.7891
0.0968361 -46.7157
0.094883 -46.6456
0.0928516 -46.5693
0.0908985 -46.4763
0.0889454 -46.3466
0.0869141 -46.2269
0.0849609 -46.0915
0.0830078 -45.9508
0.0809765 -45.7963
0.0790234 -45.6304
0.076993 -45.4616
0.0750389 -45.2961
0.0730858 -45.0973
0.0710554 -44.9242
0.0691023 -44.7258
0.067071 -44.5198
0.0651178 -44.3177
0.0631647 -44.0954
0.0611334 -43.908
0.0591803 -43.6491
0.0571489 -43.4417
0.0551958 -43.2204
0.0532427 -42.9973
0.0512114 -42.7808
0.0492582 -42.5595
0.0472269 -42.3187
0.0452738 -42.1147
0.0433207 -41.8719
0.0412893 -41.6464
0.0393362 -41.4075
0.0373831 -41.1929
0.0353518 -40.9717
0.0333986 -40.7485
0.0313673 -40.5125
0.0294142 -40.2984
0.0274611 -40.0747
0.0254297 -39.8568
0.0234766 -39.6303
0.0214453 -39.4167
0.0194921 -39.1716
0.017539 -38.9732
0.0155077 -38.7534
0.0135546 -38.5508
0.0115232 -38.339
0.00957012 -38.1364
0.007617 -37.9271
0.00558567 -37.7182
0.00363255 -37.5232
0.00167942 -37.3196
-0.000351906 -37.1083
-0.00230503 -36.9367
-0.00433636 -36.7383
-0.00628948 -36.5552
-0.00824261 -36.3611
-0.010273 -36.1647
-0.0122261 -35.9997
-0.0142574 -35.8137
-0.0162106 -35.6211
-0.0181637 -35.4432
-0.020195 -35.2448
-0.0221481 -35.0832
-0.0241795 -34.9206
-0.0261326 -34.7399
-0.0280857 -34.5882
-0.030117 -34.408
-0.0320702 -34.2592
-0.0341015 -34.0938
-0.0360546 -33.9369
-0.0380077 -33.7743
-0.0400391 -33.6212
-0.0419922 -33.4634
-0.0439453 -33.327
-0.0459766 -33.1696
-0.0479298 -33.0204
-0.0499611 -32.8659
-0.0519142 -32.7348
-0.0538673 -32.5879
-0.0558987 -32.4625
-0.0578518 -32.2989
-0.0598831 -32.1592
-0.0618362 -32.0438
-0.0637894 -31.9041
-0.0658207 -31.7682
-0.0677738 -31.6423
-0.0698051 -31.516
-0.0717583 -31.3824
-0.0737114 -31.2532
-0.0757427 -31.1421
-0.0776958 -31.0167
-0.0797272 -30.897
-0.0816803 -30.7773
-0.0836334 -30.6548
-0.0856647 -30.5532
-0.0876179 -30.4359
-0.089571 -30.3143
-0.0916023 -30.2046
-0.0935555 -30.0964
-0.0955858 -29.9863
-0.0975389 -29.8756
-0.0994921 -29.7507
-0.0975389 -29.0846
-0.0955858 -28.632
-0.0935555 -28.2591
-0.0916023 -27.9306
-0.089571 -27.6311
-0.0876179 -27.3646
-0.0856647 -27.1019
-0.0836334 -26.8477
-0.0816803 -26.6245
-0.0797272 -26.3971
-0.0776958 -26.182
-0.0757427 -25.9741
-0.0737114 -25.7658
-0.0717583 -25.5726
-0.0698051 -25.38
-0.0677738 -25.1854
-0.0658207 -25.0028
-0.0637894 -24.8269
-0.0618362 -24.6466
-0.0598831 -24.4702
-0.0578518 -24.3095
-0.0558987 -24.1445
-0.0538673 -23.9719
-0.0519142 -23.816
-0.0499611 -23.6505
-0.0479298 -23.5012
-0.0459766 -23.3396
-0.0439453 -23.1846
-0.0419922 -23.0301
-0.0400391 -22.8866
-0.0380077 -22.7421
-0.0360546 -22.5933
-0.0341015 -22.4479
-0.0320702 -22.3087
-0.030117 -22.1623
-0.0280857 -22.0302
-0.0261326 -21.891
-0.0241795 -21.7555
-0.0221481 -21.6173
-0.020195 -21.4733
-0.0181637 -21.3612
-0.0162106 -21.2191
-0.0142574 -21.0961
-0.0122261 -20.9497
-0.010273 -20.8195
-0.00824261 -20.6941
-0.00628948 -20.5639
-0.00433636 -20.4385
-0.00230503 -20.3036
-0.000351906 -20.1686
0.00167942 -20.0542
0.00363255 -19.9269
0.00558567 -19.7967
0.007617 -19.6751
0.00957012 -19.5473
0.0115232 -19.4243
0.0135546 -19.2974
0.0155077 -19.1739
0.017539 -19.0538
0.0194921 -18.9212
0.0214453 -18.8106
0.0234766 -18.6856
0.0254297 -18.5636
0.0274611 -18.432
0.0294142 -18.3042
0.0313673 -18.1769
0.0333986 -18.0591
0.0353518 -17.9322
0.0373831 -17.8045
0.0393362 -17.6638
0.0412893 -17.5489
0.0433207 -17.4177
0.0452738 -17.3023
0.0472269 -17.1521
0.0492582 -17.0339
0.0512114 -16.9023
0.0532427 -16.7626
0.0551958 -16.6305
0.0571489 -16.4951
0.0591803 -16.3654
0.0611334 -16.2428
0.0631647 -16.0921
0.0651178 -15.9538
0.067071 -15.8065
0.0691023 -15.662
0.0710554 -15.518
0.0730858 -15.3597
0.0750389 -15.2152
0.076993 -15.0655
0.0790234 -14.8981
0.0809765 -14.7527
0.0830078 -14.5844
0.0849609 -14.4275
0.0869141 -14.2553
0.0889454 -14.0884
0.0908985 -13.923
0.0928516 -13.7475
0.094883 -13.5534
0.0968361 -13.3794
0.0988674 -13.1925
0.100821 -13.0156
0.102774 -12.821
0.104805 -12.6045
0.106758 -12.4028
0.108789 -12.1906
0.110743 -11.9689
0.112696 -11.7357
0.114727 -11.5135
0.11668 -11.2665
0.118711 -11.0457
0.120665 -10.783
0.122618 -10.5451
0.124649 -10.2723
0.126602 -10.0005
0.128633 -9.72775
0.130587 -9.45357
0.13254 -9.14887
0.134571 -8.84751
0.136524 -8.50705
0.138477 -8.22524
0.140509 -7.9253
0.142462 -7.58484
0.144493 -7.23055
0.146446 -6.85146
0.148399 -6.50432
0.150431 -6.1281
0.152384 -5.73137
0.154415 -5.32605
0.156368 -4.90167
0.158321 -4.50303
0.160352 -4.07197
0.162305 -3.62708
0.164336 -3.19172
0.166289 -2.70964
0.168242 -2.23852
0.170274 -1.75453
0.172227 -1.26768
0.17418 -0.754123
0.176211 -0.228167
0.178164 0.299692
0.180196 0.796561
0.182149 1.35351
0.184102 1.91141
0.186133 2.49077
0.188087 3.05773
0.190118 3.65855
0.192071 4.23743
0.194024 4.87496
0.196055 5.46386
0.198009 6.08518
0.20004 6.71508
0.201993 7.34404
0.203946 7.96726
0.205977 8.62483
0.207931 9.26379
0.209962 9.9595
0.211915 10.5689
0.213868 11.2517
0.215899 11.9155
0.217853 12.5831
0.219806 13.192
0.221837 13.8429
0.22379 14.5243
0.225821 15.2019
0.227775 15.8528
0.229728 16.5246
0.231759 17.1827
0.233712 17.8445
0.235744 18.5002
0.237697 19.1148
0.23965 19.7604
0.241681 20.3965
0.243634 21.0193
0.245665 21.6206
0.247618 22.2257
0.249571 22.8289
0.251602 23.4307
0.253555 24.0034
0.255587 24.546
0.25754 25.1082
0.259493 25.6184
0.261524 26.1348
0.263477 26.6718
0.26543 27.1438
0.267462 27.6512
0.269415 28.1004
0.271446 28.5672
0.273399 29.0245
0.275352 29.4169
0.277384 29.8055
0.279337 30.197
0.281368 30.5589
0.283321 30.9614
0.285275 31.2289
0.287306 31.556
0.289259 31.8416
0.29129 32.1316
0.293243 32.4024
0.295197 32.6213
0.297228 32.8254
0.299181 32.9832
0.301134 33.1625
0.303165 33.3461
0.305119 33.4801
0.30715 33.604
0.309103 33.7213
0.311056 33.8105
0.313087 33.8959
0.315041 33.9421
0.317072 33.9736
0.319025 33.9731
0.320978 33.9788
0.323009 33.9836
0.324963 33.9512
0.326994 33.8982
0.328947 33.8344
0.3309 33.7809
0.332931 33.6961
0.334884 33.5945
0.336915 33.4896
0.338868 33.338
0.340821 33.2297
0.342853 33.0762
0.344806 32.9341
0.346759 32.7739
0.34879 32.6051
0.350743 32.431
0.352775 32.2479
0.354728 32.0462
0.356681 31.8655
0.358712 31.6371
0.360665 31.4401
0.362697 31.2241
0.36465 31.0124
0.366603 30.785
0.368634 30.5575
0.370587 30.3301
0.372619 30.1069
0.374572 29.8494
0.376525 29.6262
0.378556 29.363
0.380509 29.137
0.382541 28.8986
0.384494 28.6578
0.386447 28.4232
0.388478 28.1933
0.390431 27.9592
0.392385 27.7122
0.394416 27.4709
0.396369 27.2339
0.3984 27.0008
0.400353 26.7638
0.402307 26.5258
0.404338 26.3032
0.406291 26.0724
0.408322 25.8406
0.410275 25.6284
0.412229 25.3948
0.414259 25.1759
0.416212 24.9523
0.418243 24.7272
0.420197 24.5222
0.42215 24.3081
0.424181 24.0949
0.426134 23.8918
0.428087 23.6934
0.430119 23.4998
0.432072 23.2857
0.434103 23.0873
0.436056 22.8957
0.438009 22.7064
0.440041 22.5171
0.441994 22.3306
0.444025 22.147
0.445978 21.9711
0.447931 21.7832
0.449963 21.6182
0.451916 21.4332
0.453947 21.2682
0.4559 21.0965
0.457853 20.9335
0.459885 20.7589
0.461838 20.5954
0.463869 20.4414
0.465822 20.2835
0.467775 20.1281
0.469807 19.9827
0.47176 19.8301
0.473713 19.6737
0.475744 19.5278
0.477697 19.3899
0.479729 19.2521
0.481682 19.1077
0.483635 18.9741
0.485666 18.8311
0.487619 18.7066
0.489651 18.5731
0.491604 18.4415
0.493557 18.3142
0.495588 18.1802
0.497541 18.0591
0.499572 17.9342
0.501525 17.8126
0.503478 17.7015
0.505509 17.578
0.507463 17.464
0.509494 17.3519
0.511447 17.2361
0.5134 17.1292
0.515431 17.0181
0.517385 16.9075
0.519338 16.8036
0.521369 16.6925
0.523322 16.5952
0.525353 16.4936
0.527307 16.3954
0.52926 16.2867
0.531291 16.1932
0.533244 16.095
0.535275 16.003
0.537229 15.9038
0.539182 15.8051
0.541213 15.7197
0.543166 15.6286
0.545197 15.5433
0.547151 15.4551
0.549104 15.3592
0.551135 15.2829
0.553088 15.1952
0.555041 15.1103
0.557073 15.024
0.559026 14.9415
0.561057 14.8624
0.56301 14.7818
0.564963 14.7031
0.566995 14.6311
0.568948 14.551
0.570979 14.4718
0.572932 14.397
0.574885 14.3254
0.576917 14.2577
0.57887 14.1757
0.580901 14.1023
0.582854 14.0365
0.584807 13.9678
0.586838 13.901
0.588791 13.8276
0.590822 13.759
0.592775 13.6965
0.594728 13.6307
0.59676 13.5649
0.598713 13.5067
0.600666 13.4395
0.602697 13.3784
0.60465 13.3136
0.606682 13.2502
0.608635 13.1939
0.610588 13.1352
0.612619 13.0723
0.614573 13.0132
0.616604 12.9602
0.618557 12.8954
0.62051 12.842
0.622541 12.7819
0.624495 12.7323
0.626526 12.676
0.628479 12.6193
0.630432 12.5688
0.632463 12.5134
0.634417 12.4648
0.636448 12.4143
0.638401 12.3585
0.640354 12.3165
0.642385 12.2617
0.644339 12.2121
0.646292 12.1634
0.648323 12.1139
0.650276 12.0681
0.652308 12.0113
0.654261 11.9746
0.656214 11.9298
0.658245 11.8788
0.660198 11.8306
0.66223 11.7901
0.664183 11.7515
0.666136 11.7004
0.668166 11.6528
0.67012 11.6117
0.672151 11.5745
0.674104 11.535
0.676057 11.4868
0.678088 11.4472
0.680041 11.4096
0.681994 11.3728
0.684026 11.3304
0.685979 11.2875
0.68801 11.2536
0.689963 11.2179
0.691916 11.1821
0.693948 11.1444
0.695901 11.1049
0.697932 11.0667
0.699885 11.03
0.697932 10.7372
0.695901 10.5546
0.693948 10.4168
0.691916 10.2842
