0.689963 9.48743
0.68801 9.38205
0.685979 9.28238
0.684026 9.19369
0.681994 9.10977
0.680041 9.02251
0.678088 8.94192
0.676057 8.86611
0.674104 8.79029
0.672151 8.72353
0.67012 8.64724
0.668166 8.57666
0.666136 8.51468
0.664183 8.45173
0.66223 8.38688
0.660198 8.32203
0.658245 8.25909
0.656214 8.20378
0.654261 8.14608
0.652308 8.08552
0.650276 8.02877
0.648323 7.9706
0.646292 7.91862
0.644339 7.86427
0.642385 7.80657
0.640354 7.75841
0.638401 7.70309
0.636448 7.65398
0.634417 7.60153
0.632463 7.5548
0.630432 7.50425
0.628479 7.46134
0.626526 7.41079
0.624495 7.36073
0.622541 7.31447
0.62051 7.26774
0.618557 7.22292
0.616604 7.18
0.614573 7.13375
0.612619 7.08559
0.610588 7.04363
0.608635 7.00787
0.606682 6.95923
0.60465 6.91488
0.602697 6.87196
0.600666 6.83191
0.598713 6.78995
0.59676 6.7518
0.594728 6.70841
0.592775 6.67026
0.590822 6.62687
0.588791 6.59063
0.586838 6.5501
0.584807 6.51386
0.582854 6.47666
0.580901 6.43089
0.57887 6.39799
0.576917 6.36604
0.574885 6.3236
0.572932 6.28211
0.570979 6.24826
0.568948 6.2144
0.566995 6.17864
0.564963 6.13334
0.56301 6.09996
0.561057 6.06325
0.559026 6.02796
0.557073 6.00078
0.555041 5.96168
0.553088 5.92878
0.551135 5.89015
0.549104 5.85392
0.547151 5.82435
0.545197 5.78954
0.543166 5.75092
0.541213 5.71849
0.539182 5.68941
0.537229 5.6627
0.535275 5.62026
0.533244 5.5907
0.531291 5.5535
0.52926 5.52203
0.527307 5.49438
0.525353 5.45861
0.523322 5.42857
0.521369 5.39186
0.519338 5.36468
0.517385 5.32891
0.515431 5.29553
0.5134 5.26454
0.511447 5.23545
0.509494 5.20207
0.507463 5.17299
0.505509 5.1439
0.503478 5.11577
0.501525 5.07428
0.499572 5.04519
0.497541 5.01897
0.495588 4.9813
0.493557 4.95936
0.491604 4.92169
0.489651 4.89451
0.487619 4.86114
0.485666 4.82871
0.483635 4.80392
0.481682 4.76958
0.479729 4.73573
0.477697 4.70759
0.475744 4.67898
0.473713 4.64704
0.47176 4.61747
0.469807 4.58982
0.467775 4.5531
0.465822 4.52115
0.463869 4.49111
0.461838 4.46155
0.459885 4.42435
0.457853 4.40385
0.4559 4.37094
0.453947 4.34376
0.451916 4.30895
0.449963 4.27653
0.447931 4.24601
0.445978 4.21502
0.444025 4.18021
0.441994 4.14874
0.440041 4.11822
0.438009 4.08436
0.436056 4.04812
0.434103 4.02524
0.432072 3.99376
0.430119 3.9642
0.428087 3.92653
0.426134 3.89172
0.424181 3.85167
0.42215 3.82878
0.420197 3.79015
0.418243 3.74915
0.416212 3.72197
0.414259 3.68668
0.412229 3.65235
0.410275 3.61754
0.408322 3.57987
0.406291 3.54601
0.404338 3.5093
0.402307 3.46686
0.400353 3.42919
0.3984 3.39009
0.396369 3.35099
0.394416 3.31236
0.392385 3.27279
0.390431 3.2313
0.388478 3.18743
0.386447 3.1407
0.384494 3.09778
0.382541 3.05582
0.380509 3.01291
0.378556 2.96284
0.376525 2.91945
0.374572 2.86938
0.372619 2.83123
0.370587 2.77306
0.368634 2.71727
0.366603 2.66624
0.36465 2.60998
0.362697 2.54847
0.360665 2.49268
0.358712 2.42735
0.356681 2.37633
0.354728 2.30194
0.352775 2.24234
0.350743 2.17176
0.34879 2.10262
0.346759 2.02299
0.344806 1.95051
0.342853 1.86658
0.340821 1.79124
0.338868 1.70017
0.336915 1.63484
0.334884 1.53423
0.332931 1.43743
0.3309 1.34111
0.328947 1.23859
0.326994 1.13369
0.324963 1.02115
0.323009 0.915294
0.320978 0.784163
0.319025 0.816229
0.317072 0.529608
0.315041 0.297094
0.313087 0.220943
0.311056 0.0780349
0.309103 -0.0655417
0.30715 -0.222994
0.305119 -0.386311
0.303165 -0.552585
0.301134 -0.740507
0.299181 -0.931529
0.297228 -1.10705
0.295197 -1.30904
0.293243 -1.51623
0.29129 -1.74902
0.289259 -1.98749
0.287306 -2.22762
0.285275 -2.47882
0.283321 -2.71452
0.281368 -3.01756
0.279337 -3.28688
0.277384 -3.58852
0.275352 -3.88612
0.273399 -4.20074
0.271446 -4.54249
0.269415 -4.89664
0.267462 -5.24253
0.26543 -5.6333
0.263477 -5.99351
0.261524 -6.07612
0.259493 -6.77645
0.25754 -7.32973
0.255587 -7.70643
0.253555 -8.13511
0.251602 -8.59288
0.249571 -9.07639
0.247618 -9.58041
0.245665 -10.083
0.243634 -10.6018
0.241681 -11.1382
0.23965 -11.699
0.237697 -12.2674
0.235744 -12.8348
0.233712 -13.4275
0.231759 -14.0474
0.229728 -14.6673
0.227775 -15.3206
0.225821 -15.9624
0.22379 -16.6233
0.221837 -17.3062
0.219806 -17.9632
0.217853 -18.6089
0.215899 -19.3165
0.213868 -20.0213
0.211915 -20.768
0.209962 -21.4547
0.207931 -22.2386
0.205977 -22.9557
0.203946 -23.6977
0.201993 -24.444
0.20004 -25.1955
0.198009 -25.9546
0.196055 -26.7066
0.194024 -27.4347
0.192071 -28.2296
0.190118 -28.9625
0.188087 -29.7254
0.186133 -30.4435
0.184102 -31.2046
0.182149 -31.9394
0.180196 -32.657
0.178164 -33.3098
0.176211 -34.0208
0.17418 -34.7361
0.172227 -35.4294
0.170274 -36.0884
0.168242 -36.7278
0.166289 -37.3806
0.164336 -38.02
0.162305 -38.6142
0.160352 -39.2031
0.158321 -39.7753
0.156368 -40.3165
0.154415 -40.8768
0.152384 -41.4023
0.150431 -41.9115
0.148399 -42.3855
0.146446 -42.8089
0.144493 -43.2738
0.142462 -43.6897
0.140509 -44.0749
0.138477 -44.3787
0.136524 -44.6681
0.134571 -45.0458
0.13254 -45.3414
0.130587 -45.6223
0.128633 -45.8564
0.126602 -46.0877
0.124649 -46.3042
0.122618 -46.4887
0.120665 -46.6198
0.118711 -46.7834
0.11668 -46.8702
0.114727 -46.9946
0.112696 -47.0662
0.110743 -47.1415
0.108789 -47.173
0.106758 -47.1868
0.104805 -47.1763
0.102774 -47.1949
0.100821 -47.1544
0.0988674 -47.0781
0.0968361 -47.0123
0.094883 -46.9407
0.0928516 -46.8797
0.0908985 -46.7667
0.0889454 -46.6513
0.0869141 -46.5335
0.0849609 -46.4024
0.0830078 -46.2531
0.0809765 -46.1029
0.0790234 -45.9403
0.076993 -45.7753
0.0750389 -45.607
0.0730858 -45.4106
0.0710554 -45.2337
0.0691023 -45.0377
0.067071 -44.836
0.0651178 -44.6433
0.0631647 -44.4078
0.0611334 -44.2156
0.0591803 -43.9581
0.0571489 -43.7559
0.0551958 -43.5347
0.0532427 -43.3082
0.0512114 -43.0979
0.0492582 -42.8733
0.0472269 -42.6344
0.0452738 -42.4318
0.0433207 -42.1843
0.0412893 -41.9664
0.0393362 -41.7251
0.0373831 -41.5167
0.0353518 -41.2845
0.0333986 -41.0661
0.0313673 -40.8277
0.0294142 -40.6198
0.0274611 -40.3847
0.0254297 -40.1734
0.0234766 -39.9398
0.0214453 -39.7295
0.0194921 -39.4944
0.017539 -39.2889
0.0155077 -39.0715
0.0135546 -38.8602
0.0115232 -38.6528
0.00957012 -38.4392
0.007617 -38.2389
0.00558567 -38.0324
0.00363255 -37.8408
0.00167942 -37.6305
-0.000351906 -37.4183
-0.00230503 -37.2437
-0.00433636 -37.0568
-0.00628948 -36.8551
-0.00824261 -36.672
-0.010273 -36.4694
-0.0122261 -36.3058
-0.0142574 -36.1122
-0.0162106 -35.9348
-0.0181637 -35.7536
-0.020195 -35.5524
-0.0221481 -35.3912
-0.0241795 -35.2229
-0.0261326 -35.0474
-0.0280857 -34.8896
-0.030117 -34.717
-0.0320702 -34.5677
-0.0341015 -34.3927
-0.0360546 -34.2373
-0.0380077 -34.079
-0.0400391 -33.924
-0.0419922 -33.7581
-0.0439453 -33.6274
-0.0459766 -33.4681
-0.0479298 -33.3246
-0.0499611 -33.1735
-0.0519142 -33.0333
-0.0538673 -32.8916
-0.0558987 -32.7514
-0.0578518 -32.6036
-0.0598831 -32.4639
-0.0618362 -32.3318
-0.0637894 -32.1907
-0.0658207 -32.0677
-0.0677738 -31.9341
-0.0698051 -31.8126
-0.0717583 -31.679
-0.0737114 -31.5527
-0.0757427 -31.433
-0.0776958 -31.3123
-0.0797272 -31.1912
-0.0816803 -31.0653
-0.0836334 -30.9466
-0.0856647 -30.8398
-0.0876179 -30.7249
-0.089571 -30.5971
-0.0916023 -30.5003
-0.0935555 -30.3792
-0.0955858 -30.2709
-0.0975389 -30.1646
-0.0994921 -30.0444
-0.0975389 -29.3702
-0.0955858 -28.9162
-0.0935555 -28.5495
-0.0916023 -28.2229
-0.089571 -27.9173
-0.0876179 -27.6316
-0.0856647 -27.3856
-0.0836334 -27.1214
-0.0816803 -26.9016
-0.0797272 -26.6822
-0.0776958 -26.46
-0.0757427 -26.2526
-0.0737114 -26.029
-0.0717583 -25.8468
-0.0698051 -25.6537
-0.0677738 -25.4568
-0.0658207 -25.2822
-0.0637894 -25.0948
-0.0618362 -24.9136
-0.0598831 -24.7453
-0.0578518 -24.5756
-0.0558987 -24.4192
-0.0538673 -24.2432
-0.0519142 -24.0854
-0.0499611 -23.9166
-0.0479298 -23.764
-0.0459766 -23.6109
-0.0439453 -23.4583
-0.0419922 -23.2867
-0.0400391 -23.1484
-0.0380077 -23.0087
-0.0360546 -22.8609
-0.0341015 -22.7106
-0.0320702 -22.57
-0.030117 -22.4298
-0.0280857 -22.2915
-0.0261326 -22.148
-0.0241795 -22.0111
-0.0221481 -21.8671
-0.020195 -21.7312
-0.0181637 -21.6192
-0.0162106 -21.4728
-0.0142574 -21.3512
-0.0122261 -21.2181
-0.010273 -21.0689
-0.00824261 -20.953
-0.00628948 -20.8085
-0.00433636 -20.6812
-0.00230503 -20.5606
-0.000351906 -20.4161
0.00167942 -20.3074
0.00363255 -20.1748
0.00558567 -20.0442
0.007617 -19.9259
0.00957012 -19.7929
0.0115232 -19.6694
0.0135546 -19.5449
0.0155077 -19.42
0.017539 -19.2922
0.0194921 -19.1663
0.0214453 -19.0542
0.0234766 -18.9288
0.0254297 -18.7982
0.0274611 -18.6699
0.0294142 -18.5426
0.0313673 -18.411
0.0333986 -18.2889
0.0353518 -18.1692
0.0373831 -18.0362
0.0393362 -17.8965
0.0412893 -17.7773
0.0433207 -17.6414
0.0452738 -17.5222
0.0472269 -17.3834
0.0492582 -17.2599
0.0512114 -17.1197
0.0532427 -16.99
0.0551958 -16.8584
0.0571489 -16.7211
0.0591803 -16.5766
0.0611334 -16.4655
0.0631647 -16.3057
0.0651178 -16.1775
0.067071 -16.0282
0.0691023 -15.8818
0.0710554 -15.7416
0.0730858 -15.579
0.0750389 -15.4384
0.076993 -15.2705
0.0790234 -15.1108
0.0809765 -14.9644
0.0830078 -14.7999
0.0849609 -14.6425
0.0869141 -14.469
0.0889454 -14.2992
0.0908985 -14.129
0.0928516 -13.9478
0.094883 -13.7651
0.0968361 -13.5801
0.0988674 -13.3875
0.100821 -13.2149
0.102774 -13.0179
0.104805 -12.7962
0.106758 -12.5974
0.108789 -12.3899
0.110743 -12.1668
0.112696 -11.937
0.114727 -11.7052
0.11668 -11.462
0.118711 -11.2369
0.120665 -10.979
0.122618 -10.7363
0.124649 -10.4621
0.126602 -10.1827
0.128633 -9.91038
0.130587 -9.63382
0.13254 -9.33484
0.134571 -9.03061
0.136524 -8.68729
0.138477 -8.39976
0.140509 -8.10173
0.142462 -7.75888
0.144493 -7.40173
0.146446 -7.02312
0.148399 -6.67646
0.150431 -6.28927
0.152384 -5.89826
0.154415 -5.49294
0.156368 -5.06904
0.158321 -4.66277
0.160352 -4.23314
0.162305 -3.79588
0.164336 -3.35528
0.166289 -2.87891
0.168242 -2.39635
0.170274 -1.91999
0.172227 -1.42885
0.17418 -0.914817
0.176211 -0.383139
0.178164 0.141382
0.180196 0.63539
0.182149 1.18614
0.184102 1.2965
0.186133 3.31129
0.188087 3.05704
0.190118 3.56749
0.192071 4.12339
0.194024 4.74829
0.196055 5.33666
0.198009 5.94373
0.20004 6.16386
0.201993 8.09172
0.203946 7.98347
0.205977 8.55473
0.207931 9.16604
0.209962 9.85316
0.211915 10.4583
0.213868 11.1368
0.215899 11.7834
0.217853 12.4519
0.219806 13.0666
0.221837 13.7146
0.22379 14.3855
0.225821 15.0626
0.227775 15.714
0.229728 16.3873
0.231759 17.0377
0.233712 17.6953
0.235744 18.35
0.237697 18.9684
0.23965 19.6055
0.241681 20.2416
0.243634 20.8576
0.245665 21.4623
0.247618 22.0502
0.249571 22.6625
0.251602 23.2604
0.253555 23.8303
0.255587 24.3772
0.25754 24.9413
0.259493 25.4405
0.261524 25.9531
0.263477 26.4863
0.26543 26.9593
0.267462 27.4638
0.269415 27.9077
0.271446 28.3679
0.273399 28.8204
0.275352 29.2219
0.277384 29.5976
0.279337 29.9929
0.281368 30.3382
0.283321 30.733
0.285275 31.0096
0.287306 31.3357
0.289259 31.6242
0.29129 31.9032
0.293243 32.1649
0.295197 32.3829
0.297228 32.5817
0.299181 32.7429
0.301134 32.9198
0.303165 33.1
0.305119 33.2264
0.30715 33.3484
0.309103 33.4591
0.311056 33.5454
0.313087 33.6274
0.315041 33.6736
0.317072 33.6965
0.319025 33.7089
0.320978 33.7108
0.323009 33.6946
0.324963 33.667
0.326994 33.6264
0.328947 33.5535
0.3309 33.491
0.332931 33.4104
0.334884 33.3046
0.336915 33.1987
0.338868 33.0414
0.340821 32.9274
0.342853 32.7743
0.344806 32.6313
0.346759 32.4744
0.34879 32.298
0.350743 32.1235
0.352775 31.9461
0.354728 31.7396
0.356681 31.5579
0.358712 31.3281
0.360665 31.1283
0.362697 30.9156
0.36465 30.6925
0.366603 30.4745
0.368634 30.2447
0.370587 30.012
0.372619 29.7941
0.374572 29.5447
0.376525 29.3182
0.378556 29.0469
0.380509 28.8233
0.382541 28.5801
0.384494 28.3421
0.386447 28.1037
0.388478 27.8724
0.390431 27.634
0.392385 27.3942
0.394416 27.1572
0.396369 26.9197
0.3984 26.6818
0.400353 26.4529
0.402307 26.2116
0.404338 25.9889
0.406291 25.7529
0.408322 25.5297
0.410275 25.3089
0.412229 25.0777
0.414259 24.8602
0.416212 24.6361
0.418243 24.4163
0.420197 24.2094
0.42215 23.991
0.424181 23.7878
0.426134 23.5828
0.428087 23.3773
0.430119 23.1946
0.432072 22.97
0.434103 22.7826
0.436056 22.5881
0.438009 22.4017
0.440041 22.2176
0.441994 22.0235
0.444025 21.838
0.445978 21.6692
0.447931 21.4837
0.449963 21.3164
0.451916 21.1342
0.453947 20.9707
0.4559 20.799
0.457853 20.6393
0.459885 20.46
0.461838 20.3069
0.463869 20.1453
0.465822 19.9889
0.467775 19.8382
0.469807 19.6865
0.47176 19.5368
0.473713 19.3876
0.475744 19.2393
0.477697 19.0976
0.479729 18.9622
0.481682 18.8192
0.483635 18.6856
0.485666 18.5464
0.487619 18.4172
0.489651 18.2899
0.491604 18.1521
0.493557 18.0367
0.495588 17.8998
0.497541 17.7758
0.499572 17.6533
0.501525 17.5288
0.503478 17.423
0.505509 17.2947
0.507463 17.185
0.509494 17.0658
0.511447 16.9585
0.5134 16.8489
0.515431 16.7392
0.517385 16.63
0.519338 16.527
0.521369 16.4173
0.523322 16.3224
0.525353 16.2213
0.527307 16.1241
0.52926 16.012
0.531291 15.919
0.533244 15.8227
0.535275 15.7321
0.537229 15.6334
0.539182 15.538
0.541213 15.4451
0.543166 15.3592
0.545197 15.2767
0.547151 15.1842
0.549104 15.0946
0.551135 15.014
0.553088 14.9267
0.555041 14.8485
0.557073 14.7637
0.559026 14.6773
0.561057 14.602
0.56301 14.5195
0.564963 14.4418
0.566995 14.3707
0.568948 14.2897
0.570979 14.2153
0.572932 14.139
0.574885 14.0641
0.576917 13.9959
0.57887 13.9125
0.580901 13.8472
0.582854 13.7795
0.584807 13.7098
0.586838 13.6426
0.588791 13.5716
0.590822 13.5043
0.592775 13.4466
0.594728 13.3684
0.59676 13.3131
0.598713 13.243
0.600666 13.1891
0.602697 13.1228
0.60465 13.0609
0.606682 13.0017
0.608635 12.9402
0.610588 12.8787
0.612619 12.8191
0.614573 12.7652
0.616604 12.707
0.618557 12.6417
0.62051 12.5912
0.622541 12.5335
0.624495 12.4848
0.626526 12.4248
0.628479 12.3733
0.630432 12.316
0.632463 12.265
0.634417 12.2149
0.636448 12.1634
0.638401 12.1115
0.640354 12.0647
0.642385 12.0152
0.644339 11.9613
0.646292 11.9207
0.648323 11.8688
0.650276 11.8192
0.652308 11.7729
0.654261 11.7271
0.656214 11.6823
0.658245 11.6327
0.660198 11.5908
0.66223 11.5455
0.664183 11.4987
0.666136 11.4582
0.668166 11.4115
0.67012 11.3738
0.672151 11.3309
0.674104 11.2899
0.676057 11.2479
0.678088 11.2064
0.680041 11.1692
0.681994 11.1344
0.684026 11.092
0.685979 11.0534
0.68801 11.0143
0.689963 10.9771
0.691916 10.9413
0.693948 10.9051
0.695901 10.8655
0.697932 10.825
0.699885 10.7978
0.697932 10.5026
0.695901 10.3267
0.693948 10.1827
0.691916 10.0501
