0.689963 0.960827
0.68801 0.846386
0.685979 0.779629
0.684026 0.736713
0.681994 0.68903
0.680041 0.625854
0.678088 0.588655
0.676057 0.560999
0.674104 0.535727
0.672151 0.511885
0.67012 0.525977
0.668166 0.452311
0.666136 0.371434
0.664183 0.399949
0.66223 0.389697
0.660198 0.384213
0.658245 0.357605
0.656214 0.34907
0.654261 0.330426
0.652308 0.317599
0.650276 0.302053
0.648323 0.284887
0.646292 0.265528
0.644339 0.253464
0.642385 0.238586
0.640354 0.229479
0.638401 0.212551
0.636448 0.202919
0.634417 0.190807
0.632463 0.175596
0.630432 0.167013
0.628479 0.155759
0.626526 0.141645
0.624495 0.128627
0.622541 0.119424
0.62051 0.107074
0.618557 0.0955825
0.616604 0.0912433
0.614573 0.0768428
0.612619 0.0606298
0.610588 0.053668
0.608635 0.0487566
0.606682 0.0364065
0.60465 0.0223875
0.602697 0.010705
0.600666 0.00360012
0.598713 -0.00412464
0.59676 -0.0138998
0.594728 -0.0279665
0.592775 -0.0324965
0.590822 -0.0439405
0.588791 -0.0498533
0.586838 -0.0604868
0.584807 -0.0623941
0.582854 -0.0789409
0.580901 -0.0874763
0.57887 -0.0988727
0.576917 -0.100303
0.574885 -0.111747
0.572932 -0.122095
0.570979 -0.127435
0.568948 -0.139499
0.566995 -0.140501
0.564963 -0.157714
0.56301 -0.164199
0.561057 -0.170541
0.559026 -0.172544
0.557073 -0.187994
0.555041 -0.196482
0.553088 -0.203348
0.551135 -0.211168
0.549104 -0.214411
0.547151 -0.224854
0.545197 -0.230099
0.543166 -0.236917
0.541213 -0.24922
0.539182 -0.256277
0.537229 -0.257183
0.535275 -0.26281
0.533244 -0.27578
0.531291 -0.281931
0.52926 -0.286318
0.527307 -0.295425
0.525353 -0.304676
0.523322 -0.30954
0.521369 -0.315215
0.519338 -0.32375
0.517385 -0.328042
0.515431 -0.340296
0.5134 -0.348164
0.511447 -0.352408
0.509494 -0.354792
0.507463 -0.367047
0.505509 -0.377776
0.503478 -0.380637
0.501525 -0.387455
0.499572 -0.3886
0.497541 -0.400235
0.495588 -0.4061
0.493557 -0.409676
0.491604 -0.420882
0.489651 -0.431134
0.487619 -0.431611
0.485666 -0.441911
0.483635 -0.442769
0.481682 -0.455882
0.479729 -0.458171
0.477697 -0.474145
0.475744 -0.472619
0.473713 -0.480582
0.47176 -0.488545
0.469807 -0.494077
0.467775 -0.501229
0.465822 -0.503852
0.463869 -0.518109
0.461838 -0.518014
0.459885 -0.533082
0.457853 -0.531651
0.4559 -0.540473
0.453947 -0.551583
0.451916 -0.560739
0.449963 -0.561788
0.447931 -0.574186
0.445978 -0.579956
0.444025 -0.590923
0.441994 -0.59798
0.440041 -0.60437
0.438009 -0.614431
0.436056 -0.621583
0.434103 -0.632074
0.432072 -0.640275
0.430119 -0.641944
0.428087 -0.659778
0.426134 -0.668123
0.424181 -0.671318
0.42215 -0.678756
0.420197 -0.689486
0.418243 -0.703505
0.416212 -0.706842
0.414259 -0.720146
0.412229 -0.731543
0.410275 -0.738886
0.408322 -0.751951
0.406291 -0.766638
0.404338 -0.776556
0.402307 -0.792578
0.400353 -0.79973
0.3984 -0.811365
0.396369 -0.82672
0.394416 -0.845746
0.392385 -0.858906
0.390431 -0.8683
0.388478 -0.890473
0.386447 -0.908593
0.384494 -0.927809
0.382541 -0.938252
0.380509 -0.962714
0.378556 -0.977544
0.376525 -0.989989
0.374572 -1.01598
0.372619 -1.04177
0.370587 -1.06552
0.368634 -1.08812
0.366603 -1.11735
0.36465 -1.14229
0.362697 -1.17796
0.360665 -1.19555
0.358712 -1.23523
0.356681 -1.26255
0.354728 -1.30923
0.352775 -1.34385
0.350743 -1.38
0.34879 -1.41967
0.346759 -1.46497
0.344806 -1.51141
0.342853 -1.56181
0.340821 -1.61093
0.338868 -1.67721
0.336915 -1.72065
0.334884 -1.78469
0.332931 -1.84816
0.3309 -1.91534
0.328947 -1.99111
0.326994 -2.0676
0.324963 -2.14265
0.323009 -2.22801
0.320978 -2.32466
0.319025 -2.41831
0.317072 -2.50858
0.315041 -2.61906
0.313087 -2.72187
0.311056 -2.84737
0.309103 -2.96701
0.30715 -3.102
0.305119 -3.23633
0.303165 -3.37375
0.301134 -3.53679
0.299181 -3.691
0.297228 -3.84268
0.295197 -4.01754
0.293243 -4.19597
0.29129 -4.39948
0.289259 -4.61096
0.287306 -4.81934
0.285275 -5.04379
0.283321 -5.25751
0.281368 -5.52916
0.279337 -5.77874
0.277384 -6.05087
0.275352 -6.04274
0.273399 -6.60899
0.271446 -7.04554
0.269415 -7.29683
0.267462 -7.60057
0.26543 -7.96011
0.263477 -8.29533
0.261524 -8.68491
0.259493 -9.06828
0.25754 -9.45167
0.255587 -9.87128
0.253555 -10.2976
0.251602 -10.7487
0.249571 -11.216
0.247618 -11.7066
0.245665 -12.1964
0.243634 -12.7056
0.241681 -13.2244
0.23965 -13.7756
0.237697 -14.3388
0.235744 -14.8867
0.233712 -15.4813
0.231759 -16.0921
0.229728 -16.703
0.227775 -17.3481
0.225821 -17.9837
0.22379 -18.6513
0.221837 -19.3222
0.219806 -19.9879
0.217853 -20.6359
0.215899 -21.3502
0.213868 -22.0631
0.211915 -22.8036
0.209962 -23.4908
0.207931 -24.2814
0.205977 -25.0147
0.203946 -25.7739
0.201993 -26.5311
0.20004 -27.2869
0.198009 -28.0546
0.196055 -28.8228
0.194024 -29.5705
0.192071 -30.3854
0.190118 -31.1288
0.188087 -31.9098
0.186133 -32.6475
0.184102 -33.439
0.182149 -34.1905
0.180196 -34.9287
0.178164 -35.6163
0.176211 -36.3435
0.17418 -37.085
0.172227 -37.8102
0.170274 -38.4916
0.168242 -39.1707
0.166289 -39.8449
0.164336 -40.5249
0.162305 -41.1414
0.160352 -41.7666
0.158321 -42.3679
0.156368 -42.9348
0.154415 -43.5247
0.152384 -44.0802
0.150431 -44.6305
0.148399 -45.1378
0.146446 -45.5922
0.144493 -46.1006
0.142462 -46.5397
0.140509 -46.9522
0.138477 -47.2946
0.136524 -47.6202
0.134571 -48.0475
0.13254 -48.366
0.130587 -48.6769
0.128633 -48.9358
0.126602 -49.1948
0.124649 -49.4503
0.122618 -49.6654
0.120665 -49.8266
0.118711 -50.0106
0.11668 -50.1294
0.114727 -50.2853
0.112696 -50.3768
0.110743 -50.4732
0.108789 -50.5309
0.106758 -50.5776
0.104805 -50.5805
0.102774 -50.6119
0.100821 -50.6033
0.0988674 -50.5394
0.0968361 -50.4961
0.094883 -50.4417
0.0928516 -50.3883
0.0908985 -50.302
0.0889454 -50.1933
0.0869141 -50.0884
0.0849609 -49.9644
0.0830078 -49.8352
0.0809765 -49.6916
0.0790234 -49.5238
0.076993 -49.3741
0.0750389 -49.2134
0.0730858 -49.0136
0.0710554 -48.8548
0.0691023 -48.6526
0.067071 -48.4666
0.0651178 -48.2659
0.0631647 -48.0389
0.0611334 -47.8486
0.0591803 -47.5921
0.0571489 -47.388
0.0551958 -47.163
0.0532427 -46.9465
0.0512114 -46.7276
0.0492582 -46.4963
0.0472269 -46.2593
0.0452738 -46.0519
0.0433207 -45.8025
0.0412893 -45.5727
0.0393362 -45.3324
0.0373831 -45.1168
0.0353518 -44.8822
0.0333986 -44.6576
0.0313673 -44.4149
0.0294142 -44.1965
0.0274611 -43.9653
0.0254297 -43.7431
0.0234766 -43.4965
0.0214453 -43.2729
0.0194921 -43.0335
0.017539 -42.8185
0.0155077 -42.6029
0.0135546 -42.3817
0.0115232 -42.1628
0.00957012 -41.9454
0.007617 -41.738
0.00558567 -41.5229
0.00363255 -41.3078
0.00167942 -41.1042
-0.000351906 -40.8844
-0.00230503 -40.6989
-0.00433636 -40.5001
-0.00628948 -40.2893
-0.00824261 -40.0981
-0.010273 -39.8893
-0.0122261 -39.709
-0.0142574 -39.5173
-0.0162106 -39.3209
-0.0181637 -39.1358
-0.020195 -38.9213
-0.0221481 -38.7525
-0.0241795 -38.5794
-0.0261326 -38.3882
-0.0280857 -38.2279
-0.030117 -38.0425
-0.0320702 -37.8732
-0.0341015 -37.6972
-0.0360546 -37.5318
-0.0380077 -37.3682
-0.0400391 -37.2008
-0.0419922 -37.0287
-0.0439453 -36.8842
-0.0459766 -36.7216
-0.0479298 -36.5685
-0.0499611 -36.4055
-0.0519142 -36.261
-0.0538673 -36.1046
-0.0558987 -35.9596
-0.0578518 -35.8013
-0.0598831 -35.6544
-0.0618362 -35.51
-0.0637894 -35.3698
-0.0658207 -35.2277
-0.0677738 -35.0875
-0.0698051 -34.9478
-0.0717583 -34.8228
-0.0737114 -34.6736
-0.0757427 -34.5539
-0.0776958 -34.417
-0.0797272 -34.2907
-0.0816803 -34.1634
-0.0836334 -34.0284
-0.0856647 -33.9159
-0.0876179 -33.7924
-0.089571 -33.6646
-0.0916023 -33.553
-0.0935555 -33.4252
-0.0955858 -33.3122
-0.0975389 -33.1978
-0.0994921 -33.0623
-0.0975389 -32.3652
-0.0955858 -31.8712
-0.0935555 -31.4797
-0.0916023 -31.135
-0.089571 -30.8217
-0.0876179 -30.5294
-0.0856647 -30.2561
-0.0836334 -29.9882
-0.0816803 -29.7478
-0.0797272 -29.4946
-0.0776958 -29.2624
-0.0757427 -29.0512
-0.0737114 -28.8247
-0.0717583 -28.6211
-0.0698051 -28.4065
-0.0677738 -28.2081
-0.0658207 -28.0169
-0.0637894 -27.8209
-0.0618362 -27.6316
-0.0598831 -27.4433
-0.0578518 -27.2606
-0.0558987 -27.088
-0.0538673 -26.9059
-0.0519142 -26.7347
-0.0499611 -26.5521
-0.0479298 -26.4057
-0.0459766 -26.2264
-0.0439453 -26.0638
-0.0419922 -25.8959
-0.0400391 -25.7376
-0.0380077 -25.5874
-0.0360546 -25.4243
-0.0341015 -25.2613
-0.0320702 -25.1235
-0.030117 -24.9547
-0.0280857 -24.8135
-0.0261326 -24.6581
-0.0241795 -24.5188
-0.0221481 -24.3619
-0.020195 -24.2074
-0.0181637 -24.0911
-0.0162106 -23.9385
-0.0142574 -23.7997
-0.0122261 -23.6548
-0.010273 -23.4946
-0.00824261 -23.3649
-0.00628948 -23.2294
-0.00433636 -23.084
-0.00230503 -22.9453
-0.000351906 -22.7922
0.00167942 -22.6692
0.00363255 -22.5275
0.00558567 -22.394
0.007617 -22.2596
0.00957012 -22.127
0.0115232 -21.994
0.0135546 -21.8547
0.0155077 -21.715
0.017539 -21.5796
0.0194921 -21.438
0.0214453 -21.3178
0.0234766 -21.1748
0.0254297 -21.0441
0.0274611 -20.9053
0.0294142 -20.7628
0.0313673 -20.6221
0.0333986 -20.4919
0.0353518 -20.3579
0.0373831 -20.2192
0.0393362 -20.0713
0.0412893 -19.9393
0.0433207 -19.7976
0.0452738 -19.666
0.0472269 -19.5072
0.0492582 -19.3742
0.0512114 -19.2316
0.0532427 -19.0805
0.0551958 -18.935
0.0571489 -18.7906
0.0591803 -18.637
0.0611334 -18.5145
0.0631647 -18.3476
0.0651178 -18.1978
0.067071 -18.0443
0.0691023 -17.8827
0.0710554 -17.7239
0.0730858 -17.5532
0.0750389 -17.3944
0.076993 -17.2294
0.0790234 -17.0472
0.0809765 -16.8913
0.0830078 -16.7154
0.0849609 -16.5408
0.0869141 -16.3558
0.0889454 -16.1751
0.0908985 -15.992
0.0928516 -15.7965
0.094883 -15.5967
0.0968361 -15.3974
0.0988674 -15.2023
0.100821 -15.0078
0.102774 -14.7951
0.104805 -14.5624
0.106758 -14.3531
0.108789 -14.1228
0.110743 -13.8948
0.112696 -13.6498
0.114727 -13.4061
0.11668 -13.1419
0.118711 -12.8963
0.120665 -12.6226
0.122618 -12.3685
0.124649 -12.0824
0.126602 -11.7834
0.128633 -11.4997
0.130587 -11.2021
0.13254 -10.8955
0.134571 -10.576
0.136524 -10.2218
0.138477 -9.9223
0.140509 -9.60759
0.142462 -9.25282
0.144493 -8.88279
0.146446 -8.48797
0.148399 -8.12653
0.150431 -7.72598
0.152384 -7.314
0.154415 -6.89915
0.156368 -6.46045
0.158321 -6.04084
0.160352 -5.60691
0.162305 -5.1501
0.164336 -4.68709
0.166289 -4.1988
0.168242 -3.7172
0.170274 -3.22463
0.172227 -2.72776
0.17418 -2.19942
0.176211 -1.65821
0.178164 -1.12129
0.180196 -0.613451
0.182149 -0.054121
0.184102 0.512838
0.186133 1.1108
0.188087 1.21181
0.190118 3.23542
0.192071 3.02247
0.194024 3.57908
0.196055 4.1459
0.198009 4.76021
0.20004 5.38788
0.201993 6.01168
0.203946 6.22108
0.205977 8.1766
0.207931 8.08933
0.209962 8.7016
0.211915 9.28668
0.213868 9.96713
0.215899 10.6085
0.217853 11.2622
0.219806 11.8754
0.221837 12.5087
0.22379 13.1844
0.225821 13.85
0.227775 14.5014
0.229728 15.1537
0.231759 15.7998
0.233712 16.4536
0.235744 17.0954
0.237697 17.6981
0.23965 18.3342
0.241681 18.956
0.243634 19.5564
0.245665 20.1448
0.247618 20.7289
0.249571 21.3116
0.251602 21.8905
0.253555 22.4541
0.255587 22.9824
0.25754 23.516
0.259493 24.0081
0.261524 24.5055
0.263477 25.0147
0.26543 25.4673
0.267462 25.9603
0.269415 26.3766
0.271446 26.8253
0.273399 27.253
0.275352 27.6364
0.277384 27.9935
0.279337 28.3564
0.281368 28.6854
0.283321 29.0621
0.285275 29.3101
0.287306 29.6057
0.289259 29.8709
0.29129 30.1355
0.293243 30.372
0.295197 30.5761
0.297228 30.7435
0.299181 30.8884
0.301134 31.0415
0.303165 31.2017
0.305119 31.3071
0.30715 31.4091
0.309103 31.4955
0.311056 31.557
0.313087 31.6337
0.315041 31.6528
0.317072 31.6533
0.319025 31.6399
0.320978 31.6356
0.323009 31.6085
0.324963 31.5551
0.326994 31.4888
0.328947 31.4139
0.3309 31.3367
0.332931 31.2365
0.334884 31.1168
0.336915 30.9972
0.338868 30.8264
0.340821 30.7096
0.342853 30.5384
0.344806 30.3811
0.346759 30.2147
0.34879 30.033
0.350743 29.8437
0.352775 29.6534
0.354728 29.4431
0.356681 29.2648
0.358712 29.0226
0.360665 28.8171
0.362697 28.592
0.36465 28.3788
0.366603 28.1499
0.368634 27.9177
0.370587 27.6908
0.372619 27.4662
0.374572 27.213
0.376525 26.9784
0.378556 26.7171
0.380509 26.4886
0.382541 26.254
0.384494 26.008
0.386447 25.7748
0.388478 25.5455
0.390431 25.3147
0.392385 25.0691
0.394416 24.8326
0.396369 24.5956
0.3984 24.3734
0.400353 24.1412
0.402307 23.9085
0.404338 23.6853
0.406291 23.4536
0.408322 23.2366
0.410275 23.0173
0.412229 22.796
0.414259 22.5805
0.416212 22.3659
0.418243 22.1461
0.420197 21.9458
0.42215 21.7403
0.424181 21.531
0.426134 21.3383
0.428087 21.1342
0.430119 20.9583
0.432072 20.7451
0.434103 20.5558
0.436056 20.3698
0.438009 20.1872
0.440041 20.0041
0.441994 19.8248
0.444025 19.6493
0.445978 19.4758
0.447931 19.3055
0.449963 19.1401
0.451916 18.9675
0.453947 18.8039
0.4559 18.6384
0.457853 18.4797
0.459885 18.3113
0.461838 18.1645
0.463869 18.0062
0.465822 17.8631
0.467775 17.7129
0.469807 17.5737
0.47176 17.4254
0.473713 17.2828
0.475744 17.1426
0.477697 17.0139
0.479729 16.8732
0.481682 16.7401
0.483635 16.6057
0.485666 16.4774
0.487619 16.3558
0.489651 16.229
0.491604 16.1007
0.493557 15.9834
0.495588 15.8618
0.497541 15.7426
0.499572 15.6224
0.501525 15.5094
0.503478 15.4021
0.505509 15.2801
0.507463 15.1823
0.509494 15.075
0.511447 14.9649
0.5134 14.8557
0.515431 14.7498
0.517385 14.6497
0.519338 14.5572
0.521369 14.4499
0.523322 14.355
0.525353 14.263
0.527307 14.1624
0.52926 14.0665
0.531291 13.975
0.533244 13.882
0.535275 13.7985
0.537229 13.7046
0.539182 13.6097
0.541213 13.531
0.543166 13.4428
0.545197 13.3651
0.547151 13.2807
0.549104 13.1953
0.551135 13.1143
0.553088 13.0361
0.555041 12.9593
0.557073 12.8801
0.559026 12.8043
0.561057 12.7247
0.56301 12.6522
0.564963 12.5745
0.566995 12.5101
0.568948 12.4286
0.570979 12.357
0.572932 12.2884
0.574885 12.2245
0.576917 12.1568
0.57887 12.0776
0.580901 12.018
0.582854 11.9522
0.584807 11.8897
0.586838 11.8268
0.588791 11.7577
0.590822 11.6933
0.592775 11.6327
0.594728 11.5736
0.59676 11.514
0.598713 11.4515
0.600666 11.3996
0.602697 11.3385
0.60465 11.2799
0.606682 11.2241
0.608635 11.175
0.610588 11.1087
0.612619 11.0567
0.614573 11.0043
0.616604 10.9513
0.618557 10.8898
0.62051 10.8445
0.622541 10.7897
0.624495 10.7382
0.626526 10.6867
0.628479 10.6399
0.630432 10.5918
0.632463 10.5431
0.634417 10.485
0.636448 10.444
0.638401 10.3968
0.640354 10.3534
0.642385 10.3014
0.644339 10.2585
0.646292 10.2165
0.648323 10.1679
0.650276 10.1288
0.652308 10.0811
0.654261 10.0401
0.656214 9.99907
0.658245 9.95091
0.660198 9.91229
0.66223 9.87033
0.664183 9.82884
0.666136 9.78688
0.668166 9.74635
0.67012 9.70963
0.672151 9.67292
0.674104 9.63811
0.676057 9.59758
0.678088 9.55848
0.680041 9.52081
0.681994 9.48743
0.684026 9.45357
0.685979 9.41543
0.68801 9.383
0.689963 9.35057
0.691916 9.31481
0.693948 9.28191
0.695901 9.24328
0.697932 9.20657
0.699885 9.18082
0.697932 8.88709
0.695901 8.72258
0.693948 8.58048
0.691916 8.45459
