WE Potential	WE Current	Index
0.6840259999999999	5.997201	0
0.681994	5.925993333333332	1
0.680041	5.8496246666666645	2
0.6780880000000001	5.783181666666666	3
0.676057	5.723896333333332	4
0.6741040000000001	5.667309	5
0.672151	5.613744999999999	6
0.67012	5.571395666666666	7
0.6681659999999999	5.499630333333332	8
0.666136	5.433574666666666	9
0.664183	5.399206333333332	10
0.66223	5.353352333333332	11
0.660198	5.3116276666666655	12
0.658245	5.260321666666668	13
0.656214	5.22251	14
0.654261	5.176875333333332	15
0.652308	5.134133	16
0.650276	5.093027666666665	17
0.648323	5.049955666666666	18
0.646292	5.0070993333333345	19
0.644339	4.967478	20
0.642385	4.926595333333332	21
0.640354	4.8936796666666655	22
0.638401	4.849250333333335	23
0.636448	4.816002999999999	24
0.634417	4.778269000000001	25
0.632463	4.739502	26
0.630432	4.706757666666668	27
0.628479	4.674239666666666	28
0.626526	4.6355183333333345	29
0.624495	4.600982333333334	30
0.622541	4.5662813333333325	31
0.62051	4.532441333333335	32
0.618557	4.4988875	33
0.616604	4.471054433333332	34
0.614573	4.4346276	35
0.612619	4.399659933333333	36
0.610588	4.370476	37
0.608635	4.3427722	38
0.606682	4.3087755	39
0.60465	4.2735825	40
0.602697	4.243618333333333	41
0.600666	4.216456706666666	42
0.598713	4.184318453333335	43
0.59676	4.1578534	44
0.594728	4.1259845	45
0.592775	4.097611166666666	46
0.590822	4.0653465	47
0.588791	4.039215566666666	48
0.586838	4.010557733333333	49
0.584807	3.9863986333333346	50
0.582854	3.9554497	51
0.580901	3.927334566666667	52
0.57887	3.899532433333333	53
0.576917	3.8772823333333326	54
0.574885	3.845491	55
0.572932	3.8177216666666656	56
0.570979	3.793055	57
0.568948	3.7680503333333344	58
0.566995	3.7456263333333344	59
0.564963	3.710482	60
0.56301	3.685750333333333	61
0.561057	3.6605896666666657	62
0.559026	3.637192	63
0.557073	3.613445333333333	64
0.555041	3.585502666666667	65
0.553088	3.560804	66
0.551135	3.536737333333333	67
0.549104	3.510863	68
0.547151	3.4868786666666676	69
0.545197	3.462557	70
0.543166	3.4378743333333324	71
0.541213	3.41168	72
0.539182	3.389937666666666	73
0.537229	3.372625666666666	74
0.535275	3.345	75
0.533244	3.31938	76
0.531291	3.294599666666666	77
0.52926	3.273110666666666	78
0.527307	3.252591666666666	79
0.525353	3.224074666666666	80
0.523322	3.2046499999999996	81
0.521369	3.179715	82
0.519338	3.1576366666666673	83
0.517385	3.1342693333333327	84
0.515431	3.1111113333333327	85
0.5134	3.086712	86
0.511447	3.067494	87
0.509494	3.044289333333333	88
0.507463	3.021291	89
0.505509	2.998481333333334	90
0.503478	2.9784543333333326	91
0.501525	2.9512283333333325	92
0.499572	2.93209	93
0.497541	2.911365	94
0.495588	2.8860433333333324	95
0.493557	2.869751333333333	96
0.491604	2.8424926666666672	97
0.489651	2.8220653333333328	98
0.487619	2.800929666666666	99
0.485666	2.776356333333334	100
0.483635	2.759063666666666	101
0.481682	2.734026	102
0.479729	2.712603	103
0.477697	2.688521666666666	104
0.475744	2.668367	105
0.473713	2.647276	106
0.47176	2.6263416666666672	107
0.469807	2.6039943333333326	108
0.467775	2.580310333333333	109
0.465822	2.559729333333333	110
0.463869	2.536697	111
0.461838	2.516702	112
0.459885	2.491332666666666	113
0.457853	2.476553	114
0.4559	2.452152333333334	115
0.453947	2.4296923333333327	116
0.451916	2.4045470000000004	117
0.44996300000000006	2.3846473333333327	118
0.447931	2.359851333333333	119
0.445978	2.340604666666666	120
0.44402500000000006	2.312949	121
0.441994	2.29168	122
0.44004100000000007	2.27	123
0.4380089999999999	2.2440763333333327	124
0.436056	2.220392333333333	125
0.43410300000000007	2.2003686666666664	126
0.432072	2.1771283333333327	127
0.430119	2.1590886666666673	128
0.42808699999999994	2.1275506666666666	129
0.426134	2.1044256666666663	130
0.424181	2.0792006666666665	131
0.42215	2.058601333333333	132
0.420197	2.032771333333333	133
0.418243	2.003621666666666	134
0.416212	1.983276	135
0.414259	1.9586546666666664	136
0.412229	1.930539	137
0.410275	1.9075846666666672	138
0.408322	1.8779596666666665	139
0.406291	1.8492206666666664	140
0.404338	1.8236646666666672	141
0.402307	1.793844	142
0.400353	1.7658699999999998	143
0.3984	1.736721666666667	144
0.396369	1.7076	145
0.39441599999999993	1.676461333333333	146
0.392385	1.6472813333333338	147
0.390431	1.6180833333333338	148
0.38847799999999993	1.582079	149
0.386447	1.547272333333333	150
0.384494	1.513683666666667	151
0.382541	1.483022666666667	152
0.380509	1.445785333333333	153
0.378556	1.4096886666666664	154
0.376525	1.378837	155
0.374572	1.3363166666666664	156
0.372619	1.30356	157
0.370587	1.26004	158
0.368634	1.21595	159
0.366603	1.17378	160
0.36465	1.1306600000000002	161
0.362697	1.07935	162
0.360665	1.0372466666666664	163
0.358712	0.9823733333333332	164
0.356681	0.9390966666666664	165
0.354728	0.8769633333333332	166
0.352775	0.8266433333333331	167
0.350743	0.7683366666666668	168
0.34879	0.71204	169
0.346759	0.6467133333333334	170
0.344806	0.5827533333333332	171
0.342853	0.51334	172
0.340821	0.4469	173
0.338868	0.3659966666666665	174
0.336915	0.3065366666666667	175
0.334884	0.222247	176
0.332931	0.183057	177
0.3309	0.050552000000000014	178
0.328947	-0.07462433333333332	179
0.326994	-0.14537133333333327	180
0.324963	-0.2373383333333333	181
0.323009	-0.33629933333333323	182
0.320978	-0.4503256666666668	183
0.319025	-0.5091439000000001	184
0.317072	-0.6751783666666665	185
0.315041	-0.8308833333333335	186
0.313087	-0.935201	187
0.311056	-1.0731967	188
0.309103	-1.2086355666666664	189
0.30715	-1.358854666666667	190
0.305119	-1.5127636666666664	191
0.303165	-1.6696416666666662	192
0.301134	-1.847889	193
0.299181	-2.022396333333333	194
0.297228	-2.18862	195
0.295197	-2.382186666666667	196
0.293243	-2.579166666666667	197
0.29129	-2.798893333333333	198
0.289259	-3.0264266666666675	199
0.287306	-3.2555766666666672	200
0.285275	-3.495	201
0.283321	-3.72447	202
0.281368	-4.0128933333333325	203
0.279337	-4.27805	204
0.277384	-4.564103333333333	205
0.275352	-4.7585500000000005	206
0.273399	-5.156759999999999	207
0.271446	-5.527996666666666	208
0.269415	-5.846923333333335	209
0.267462	-6.176253333333332	210
0.26543	-6.553483333333332	211
0.263477	-6.801353333333335	212
0.261524	-7.18926	213
0.259493	-7.73388	214
0.25754	-8.156413333333331	215
0.255587	-8.563786666666669	216
0.253555	-8.99295333333333	217
0.251602	-9.450246666666663	218
0.249571	-9.92756	219
0.247618	-10.425833333333332	220
0.245665	-10.922566666666665	221
0.243634	-11.433866666666665	222
0.241681	-11.96873333333333	223
0.23965	-12.524866666666666	224
0.237697	-13.08916666666667	225
0.23574400000000004	-13.649433333333334	226
0.233712	-14.244833333333329	227
0.231759	-14.8617	228
0.229728	-15.4797	229
0.227775	-16.1263	230
0.225821	-16.764766666666667	231
0.22379	-17.430766666666667	232
0.221837	-18.111533333333327	233
0.219806	-18.7705	234
0.217853	-19.418866666666663	235
0.215899	-20.13206666666667	236
0.21386800000000003	-20.83923333333333	237
0.211915	-21.5818	238
0.209962	-22.266266666666663	239
0.207931	-23.052866666666674	240
0.205977	-23.7778	241
0.203946	-24.530766666666658	242
0.201993	-25.277966666666668	243
0.20004	-26.03073333333333	244
0.198009	-26.79526666666666	245
0.196055	-27.5536	246
0.194024	-28.28713333333333	247
0.192071	-29.09123333333333	248
0.190118	-29.8297	249
0.188087	-30.597233333333325	250
0.186133	-31.3268	251
0.184102	-32.098333333333336	252
0.182149	-32.838366666666666	253
0.180196	-33.56923333333334	254
0.17816399999999996	-34.233466666666665	255
0.176211	-34.95366666666666	256
0.17418	-35.6761	257
0.172227	-36.38353333333334	258
0.170274	-37.0519	259
0.168242	-37.7079	260
0.166289	-38.36623333333333	261
0.164336	-39.02646666666668	262
0.162305	-39.631133333333324	263
0.160352	-40.234033333333336	264
0.15832099999999996	-40.819733333333325	265
0.156368	-41.3722	266
0.154415	-41.94650000000001	267
0.152384	-42.477066666666666	268
0.150431	-43.003633333333326	269
0.148399	-43.491600000000005	270
0.146446	-43.92486666666666	271
0.144493	-44.41126666666666	272
0.142462	-44.83503333333334	273
0.140509	-45.229666666666674	274
0.138477	-45.55013333333334	275
0.136524	-45.8548	276
0.134571	-46.255066666666664	277
0.13254	-46.558	278
0.130587	-46.85046666666666	279
0.128633	-47.09603333333334	280
0.126602	-47.33573333333334	281
0.124649	-47.56986666666666	282
0.122618	-47.769166666666685	283
0.12066499999999998	-47.91206666666666	284
0.118711	-48.082599999999985	285
0.11668	-48.18356666666668	286
0.11472699999999998	-48.31816666666666	287
0.112696	-48.399566666666665	288
0.110743	-48.481266666666684	289
0.10878899999999998	-48.5253	290
0.106758	-48.55263333333334	291
0.104805	-48.54660000000001	292
0.102774	-48.56913333333332	293
0.100821	-48.542766666666665	294
0.0988674	-48.47376666666666	295
0.0968361	-48.4142	296
0.094883	-48.352	297
0.0928516	-48.290366666666685	298
0.0908985	-48.194999999999986	299
0.0889454	-48.07833333333332	300
0.0869141	-47.965633333333315	301
0.0849609	-47.840066666666665	302
0.0830078	-47.69526666666666	303
0.0809765	-47.5482	304
0.0790234	-47.38276666666666	305
0.076993	-47.22796666666666	306
0.0750389	-47.0614	307
0.0730858	-46.86416666666666	308
0.0710554	-46.69583333333332	309
0.06910230000000002	-46.5	310
0.067071	-46.30033333333332	311
0.0651178	-46.10293333333334	312
0.0631647	-45.87373333333334	313
0.0611334	-45.681233333333324	314
0.0591803	-45.42533333333333	315
0.0571489	-45.220433333333325	316
0.0551958	-45.001	317
0.0532427	-44.77813333333334	318
0.0512114	-44.5634	319
0.0492582	-44.33593333333334	320
0.0472269	-44.09893333333334	321
0.0452738	-43.8947	322
0.0433207	-43.64673333333334	323
0.0412893	-43.421833333333325	324
0.0393362	-43.1831	325
0.0373831	-42.97026666666666	326
0.0353518	-42.741066666666654	327
0.0333986	-42.51693333333333	328
0.0313673	-42.277266666666655	329
0.0294142	-42.065233333333325	330
0.0274611	-41.8354	331
0.0254297	-41.6173	332
0.0234766	-41.37953333333333	333
0.0214453	-41.161766666666665	334
0.0194921	-40.925566666666654	335
0.017539	-40.715933333333325	336
0.0155077	-40.50183333333332	337
0.013554600000000003	-40.287233333333326	338
0.0115232	-40.0752	339
0.00957012	-39.862233333333336	340
0.007616999999999999	-39.65926666666666	341
0.00558567	-39.4464	342
0.00363255	-39.24566666666666	343
0.00167942	-39.03696666666666	344
-0.000351906	-38.8259	345
-0.00230503	-38.6431	346
-0.00433636	-38.45236666666666	347
-0.00628948	-38.249866666666655	348
-0.00824261	-38.06263333333332	349
-0.010273	-37.8581	350
-0.012226099999999997	-37.6861	351
-0.014257399999999996	-37.49836666666666	352
-0.016210599999999995	-37.308933333333336	353
-0.0181637	-37.1261	354
-0.020195	-36.92076666666667	355
-0.0221481	-36.75673333333332	356
-0.024179500000000007	-36.58856666666667	357
-0.026132599999999995	-36.40466666666666	358
-0.0280857	-36.246333333333325	359
-0.030117	-36.069	360
-0.0320702	-35.910333333333334	361
-0.0341015	-35.73786666666666	362
-0.0360546	-35.5788	363
-0.0380077	-35.415400000000005	364
-0.0400391	-35.253899999999994	365
-0.0419922	-35.09053333333333	366
-0.0439453	-34.9503	367
-0.0459766	-34.7934	368
-0.0479298	-34.644800000000004	369
-0.0499611	-34.488433333333326	370
-0.0519142	-34.3468	371
-0.0538673	-34.1993	372
-0.0558987	-34.05876666666666	373
-0.0578518	-33.9049	374
-0.0598831	-33.76583333333334	375
-0.0618362	-33.62853333333332	376
-0.0637894	-33.486266666666666	377
-0.0658207	-33.355133333333335	378
-0.0677738	-33.220499999999994	379
-0.0698051	-33.09193333333334	380
-0.0717583	-32.9617	381
-0.07371139999999998	-32.82583333333333	382
-0.07574269999999998	-32.70376666666666	383
-0.07769579999999998	-32.57736666666667	384
-0.0797272	-32.45533333333333	385
-0.08168029999999998	-32.33246666666667	386
-0.08363340000000001	-32.20403333333333	387
-0.08566469999999998	-32.098333333333336	388
-0.08761789999999998	-31.9769	389
-0.08957099999999998	-31.853233333333325	390
-0.09160229999999998	-31.745633333333323	391
-0.09355550000000003	-31.627233333333326	392
-0.0955858	-31.515133333333324	393
-0.0975389	-31.4036	394
-0.0994921	-31.2775	395
-0.0975389	-30.594066666666663	396
-0.0955858	-30.124533333333332	397
-0.09355550000000003	-29.746866666666662	398
-0.09160229999999998	-29.412	399
-0.08957099999999998	-29.10573333333333	400
-0.08761789999999998	-28.82133333333333	401
-0.08566469999999998	-28.5581	402
-0.08363340000000001	-28.297	403
-0.08168029999999998	-28.0668	404
-0.0797272	-27.83156666666666	405
-0.07769579999999998	-27.60713333333334	406
-0.07574269999999998	-27.397966666666658	407
-0.07371139999999998	-27.177533333333333	408
-0.0717583	-26.98313333333333	409
-0.0698051	-26.7811	410
-0.0677738	-26.58543333333334	411
-0.0658207	-26.40263333333333	412
-0.0637894	-26.21156666666667	413
-0.0618362	-26.0283	414
-0.0598831	-25.85206666666667	415
-0.0578518	-25.677533333333333	416
-0.0558987	-25.514466666666667	417
-0.0538673	-25.3374	418
-0.0519142	-25.17336666666666	419
-0.0499611	-24.9987	420
-0.0479298	-24.847866666666658	421
-0.0459766	-24.68586666666667	422
-0.0439453	-24.5266	423
-0.0419922	-24.358766666666668	424
-0.0400391	-24.212366666666668	425
-0.0380077	-24.069	426
-0.0360546	-23.91436666666666	427
-0.0341015	-23.759366666666658	428
-0.0320702	-23.6189	429
-0.030117	-23.46646666666666	430
-0.0280857	-23.328633333333332	431
-0.026132599999999995	-23.17843333333333	432
-0.024179500000000007	-23.042999999999996	433
-0.0221481	-22.895466666666664	434
-0.020195	-22.7499	435
-0.0181637	-22.6366	436
-0.016210599999999995	-22.48843333333333	437
-0.014257399999999996	-22.354933333333328	438
-0.012226099999999997	-22.21853333333333	439
-0.010273	-22.06693333333333	440
-0.00824261	-21.94613333333333	441
-0.00628948	-21.806699999999996	442
-0.00433636	-21.673033333333336	443
-0.00230503	-21.5413	444
-0.000351906	-21.39553333333333	445
0.00167942	-21.277600000000003	446
0.00363255	-21.144366666666663	447
0.00558567	-21.01373333333333	448
0.007616999999999999	-20.88803333333333	449
0.00957012	-20.75433333333333	450
0.0115232	-20.62863333333333	451
0.013554600000000003	-20.497466666666668	452
0.0155077	-20.3673	453
0.017539	-20.235866666666663	454
0.0194921	-20.103	455
0.0214453	-19.9893	456
0.0234766	-19.85453333333333	457
0.0254297	-19.725	458
0.0274611	-19.59336666666666	459
0.0294142	-19.4591	460
0.0313673	-19.3224	461
0.0333986	-19.198866666666664	462
0.0353518	-19.071066666666663	463
0.0373831	-18.9376	464
0.0393362	-18.7985	465
0.0412893	-18.6736	466
0.0433207	-18.5337	467
0.0452738	-18.4083	468
0.0472269	-18.260466666666662	469
0.0492582	-18.135066666666663	470
0.0512114	-17.992166666666662	471
0.0532427	-17.854200000000002	472
0.0551958	-17.7167	473
0.0571489	-17.577033333333336	474
0.0591803	-17.4333	475
0.0611334	-17.31426666666666	476
0.0631647	-17.149899999999995	477
0.0651178	-17.014966666666666	478
0.067071	-16.86476666666666	479
0.06910230000000002	-16.709	480
0.0710554	-16.5607	481
0.0730858	-16.394766666666662	482
0.0750389	-16.246466666666667	483
0.076993	-16.083233333333332	484
0.0790234	-15.915033333333332	485
0.0809765	-15.76453333333333	486
0.0830078	-15.59446666666667	487
0.0849609	-15.4301	488
0.0869141	-15.252433333333334	489
0.0889454	-15.0771	490
0.0908985	-14.903366666666662	491
0.0928516	-14.71326666666667	492
0.094883	-14.52523333333333	493
0.0968361	-14.3337	494
0.0988674	-14.142466666666666	495
0.100821	-13.96163333333333	496
0.102774	-13.75783333333333	497
0.104805	-13.529266666666665	498
0.106758	-13.3279	499
0.10878899999999998	-13.1087	500
0.110743	-12.8841	501
0.112696	-12.649366666666666	502
0.11472699999999998	-12.413933333333329	503
0.11668	-12.160733333333333	504
0.118711	-11.92593333333333	505
0.12066499999999998	-11.66053333333333	506
0.122618	-11.4126	507
0.124649	-11.136333333333333	508
0.126602	-10.84896666666667	509
0.128633	-10.571593333333334	510
0.130587	-10.285806666666666	511
0.13254	-9.982853333333331	512
0.134571	-9.674806666666669	513
0.136524	-9.32754	514
0.138477	-9.031566666666668	515
0.140509	-8.729093333333331	516
0.142462	-8.380046666666665	517
0.144493	-8.019076666666665	518
0.146446	-7.632679999999999	519
0.148399	-7.27887	520
0.150431	-6.889606666666665	521
0.152384	-6.487316666666668	522
0.154415	-6.079616666666665	523
0.156368	-5.650143333333332	524
0.15832099999999996	-5.238476666666665	525
0.160352	-4.806936666666665	526
0.162305	-4.359976666666667	527
0.164336	-3.91	528
0.166289	-3.429026666666666	529
0.168242	-2.9466266666666674	530
0.170274	-2.46343	531
0.172227	-1.9705366666666664	532
0.17418	-1.450149	533
0.176211	-0.91434	534
0.17816399999999996	-0.38536633333333326	535
0.180196	0.1153166666666667	536
0.182149	0.6679736666666666	537
0.184102	0.92904	538
0.186133	2.1274200000000003	539
0.188087	2.33582	540
0.190118	3.35177	541
0.192071	3.65315	542
0.194024	4.255476666666666	543
0.196055	4.836996666666666	544
0.198009	5.452263333333335	545
0.20004	5.930653333333332	546
0.201993	6.86336	547
0.203946	7.53779	548
0.205977	8.355413333333331	549
0.207931	8.714629999999998	550
0.209962	9.375053333333332	551
0.211915	9.969693333333332	552
0.21386800000000003	10.648543333333334	553
0.215899	11.2918	554
0.217853	11.9557	555
0.219806	12.56746666666667	556
0.221837	13.209633333333334	557
0.22379	13.88293333333333	558
0.225821	14.553033333333332	559
0.227775	15.205366666666668	560
0.229728	15.8688	561
0.231759	16.51953333333333	562
0.233712	17.175700000000003	563
0.23574400000000004	17.82146666666667	564
0.237697	18.4361	565
0.23965	19.073966666666667	566
0.241681	19.702766666666662	567
0.243634	20.3147	568
0.245665	20.91026666666667	569
0.247618	21.5001	570
0.249571	22.096000000000004	571
0.251602	22.6879	572
0.253555	23.2571	573
0.255587	23.790366666666667	574
0.25754	24.3446	575
0.259493	24.83826666666666	576
0.261524	25.34613333333333	577
0.263477	25.8686	578
0.26543	26.331	579
0.267462	26.83133333333333	580
0.269415	27.26476666666666	581
0.271446	27.72143333333333	582
0.273399	28.16473333333333	583
0.275352	28.557333333333332	584
0.277384	28.9248	585
0.279337	29.300866666666668	586
0.281368	29.642766666666674	587
0.283321	30.0279	588
0.285275	30.292733333333324	589
0.287306	30.6036	590
0.289259	30.88303333333333	591
0.29129	31.156266666666667	592
0.293243	31.410566666666668	593
0.295197	31.6193	594
0.297228	31.8073	595
0.299181	31.95863333333333	596
0.301134	32.12553333333332	597
0.303165	32.29826666666668	598
0.305119	32.416399999999996	599
0.30715	32.53286666666666	600
0.309103	32.6318	601
0.311056	32.707433333333334	602
0.313087	32.7875	603
0.315041	32.82263333333332	604
0.317072	32.83456666666667	605
0.319025	32.83596666666668	606
0.320978	32.8328	607
0.323009	32.81453333333334	608
0.324963	32.7761	609
0.326994	32.723299999999995	610
0.328947	32.650833333333324	611
0.3309	32.582333333333324	612
0.332931	32.492333333333335	613
0.334884	32.381566666666664	614
0.336915	32.269200000000005	615
0.338868	32.1042	616
0.340821	31.990733333333324	617
0.342853	31.82936666666667	618
0.344806	31.6784	619
0.346759	31.51883333333333	620
0.34879	31.34303333333333	621
0.350743	31.1601	622
0.352775	30.9746	623
0.354728	30.7665	624
0.356681	30.587866666666663	625
0.358712	30.352633333333326	626
0.360665	30.150166666666664	627
0.362697	29.930933333333325	628
0.36465	29.714	629
0.366603	29.490466666666663	630
0.368634	29.260166666666663	631
0.370587	29.0307	632
0.372619	28.8088	633
0.374572	28.55576666666667	634
0.376525	28.3291	635
0.378556	28.061766666666667	636
0.380509	27.83443333333334	637
0.382541	27.5949	638
0.384494	27.35393333333333	639
0.386447	27.118233333333333	640
0.38847799999999993	26.8876	641
0.390431	26.6519	642
0.392385	26.410466666666657	643
0.39441599999999993	26.172366666666658	644
0.396369	25.93486666666666	645
0.3984	25.70283333333333	646
0.400353	25.47346666666666	647
0.402307	25.23566666666667	648
0.404338	25.01186666666666	649
0.406291	24.77886666666667	650
0.408322	24.55713333333334	651
0.410275	24.3389	652
0.412229	24.11143333333333	653
0.414259	23.893999999999995	654
0.416212	23.67386666666667	655
0.418243	23.4547	656
0.420197	23.24966666666666	657
0.42215	23.0381	658
0.424181	22.83096666666667	659
0.426134	22.630366666666664	660
0.42808699999999994	22.42693333333333	661
0.430119	22.24603333333333	662
0.432072	22.0273	663
0.43410300000000007	21.838966666666668	664
0.436056	21.647933333333327	665
0.4380089999999999	21.4623	666
0.44004100000000007	21.27773333333333	667
0.441994	21.09033333333333	668
0.44402500000000006	20.908966666666668	669
0.445978	20.73843333333333	670
0.447931	20.557533333333332	671
0.44996300000000006	20.392266666666668	672
0.451916	20.212966666666663	673
0.453947	20.04973333333333	674
0.4559	19.88013333333333	675
0.457853	19.71993333333333	676
0.459885	19.549666666666663	677
0.461838	19.39646666666666	678
0.463869	19.2361	679
0.465822	19.08733333333333	680
0.467775	18.93583333333333	681
0.469807	18.79023333333333	682
0.47176	18.6391	683
0.473713	18.49396666666667	684
0.475744	18.348066666666668	685
0.477697	18.213433333333327	686
0.479729	18.0745	687
0.481682	17.9362	688
0.483635	17.803166666666662	689
0.485666	17.667266666666666	690
0.487619	17.54156666666666	691
0.489651	17.413133333333334	692
0.491604	17.281366666666667	693
0.493557	17.16326666666667	694
0.495588	17.031966666666662	695
0.497541	16.912433333333336	696
0.499572	16.7891	697
0.501525	16.670666666666662	698
0.503478	16.56403333333333	699
0.505509	16.43783333333333	700
0.507463	16.33353333333333	701
0.509494	16.2183	702
0.511447	16.11136666666666	703
0.5134	16.000600000000002	704
0.515431	15.8936	705
0.517385	15.78743333333333	706
0.519338	15.690466666666662	707
0.521369	15.580466666666666	708
0.523322	15.484766666666669	709
0.525353	15.38593333333333	710
0.527307	15.288366666666665	711
0.52926	15.1855	712
0.531291	15.091066666666668	713
0.533244	14.9965	714
0.535275	14.9089	715
0.537229	14.811966666666663	716
0.539182	14.71673333333333	717
0.541213	14.63	718
0.543166	14.543033333333332	719
0.545197	14.46053333333333	720
0.547151	14.372799999999996	721
0.549104	14.284433333333329	722
0.551135	14.203066666666665	723
0.553088	14.120066666666666	724
0.555041	14.041866666666666	725
0.557073	13.9608	726
0.559026	13.876533333333334	727
0.561057	13.802033333333329	728
0.56301	13.7235	729
0.564963	13.646099999999997	730
0.566995	13.57583333333333	731
0.568948	13.4964	732
0.570979	13.42133333333333	733
0.572932	13.348566666666665	734
0.574885	13.278133333333335	735
0.576917	13.209166666666665	736
0.57887	13.12983333333333	737
0.580901	13.06706666666667	738
0.582854	12.99823333333333	739
0.584807	12.9321	740
0.586838	12.8668	741
0.588791	12.797666666666666	742
0.590822	12.7304	743
0.592775	12.671433333333335	744
0.594728	12.601966666666671	745
0.59676	12.543166666666666	746
0.598713	12.4783	747
0.600666	12.4235	748
0.602697	12.360533333333334	749
0.60465	12.300633333333332	750
0.606682	12.2418	751
0.608635	12.184599999999996	752
0.610588	12.122133333333329	753
0.612619	12.06743333333333	754
0.614573	12.010066666666665	755
0.616604	11.9568	756
0.618557	11.892266666666666	757
0.62051	11.843666666666666	758
0.622541	11.786600000000004	759
0.624495	11.736666666666666	760
0.626526	11.68266666666667	761
0.628479	11.630966666666666	762
0.630432	11.579933333333335	763
0.632463	11.528266666666669	764
0.634417	11.475366666666666	765
0.636448	11.426899999999998	766
0.638401	11.3786	767
0.640354	11.332933333333335	768
0.642385	11.2813	769
0.644339	11.235533333333334	770
0.646292	11.1891	771
0.648323	11.14	772
0.650276	11.095833333333331	773
0.652308	11.04716666666667	774
0.654261	11.0055	775
0.656214	10.960389999999999	776
0.658245	10.911403333333334	777
0.660198	10.872496666666668	778
0.66223	10.829743333333331	779
0.664183	10.78411333333333	780
0.666136	10.74436	781
0.6681659999999999	10.700516666666669	782
0.67012	10.661576666666667	783
0.672151	10.62024	784
0.6741040000000001	10.581936666666664	785
0.676057	10.54029333333333	786
0.6780880000000001	10.500226666666668	787
0.680041	10.464136666666665	788
0.681994	10.42807666666667	789
0.6840259999999999	10.390256666666666	790
0.685979	10.350843333333332	791
0.6880099999999999	10.315066666666665	792
0.689963	10.27819	793
0.691916	10.243536666666664	794
0.6939480000000001	10.208570000000002	795
0.695901	10.169293333333332	796
0.6979320000000001	10.13419	797
0.699885	10.103673333333331	798
0.6979320000000001	9.81153	799
0.695901	9.63748666666667	800
0.6939480000000001	9.497296666666669	801
0.691916	9.36758	802
