0.689963 11.3523
0.68801 11.2217
0.685979 11.1168
0.684026 11.0128
0.681994 10.9103
0.680041 10.8068
0.678088 10.7186
0.676057 10.6304
0.674104 10.5408
0.672151 10.4568
0.67012 10.3758
0.668166 10.2899
0.666136 10.2184
0.664183 10.1364
0.66223 10.0668
0.660198 9.98858
0.658245 9.92278
0.656214 9.85555
0.654261 9.78307
0.652308 9.71345
0.650276 9.64765
0.648323 9.58232
0.646292 9.5189
0.644339 9.45643
0.642385 9.39349
0.640354 9.33245
0.638401 9.27237
0.636448 9.21038
0.634417 9.15698
0.632463 9.09832
0.630432 9.0392
0.628479 8.98627
0.626526 8.92857
0.624495 8.87087
0.622541 8.81604
0.62051 8.75834
0.618557 8.70541
0.616604 8.6644
0.614573 8.60575
0.612619 8.5533
0.610588 8.49799
0.608635 8.45316
0.606682 8.40119
0.60465 8.34301
0.602697 8.29867
0.600666 8.25289
0.598713 8.19949
0.59676 8.15514
0.594728 8.10078
0.592775 8.05977
0.590822 8.00112
0.588791 7.96488
0.586838 7.91958
0.584807 7.86951
0.582854 7.82278
0.580901 7.7832
0.57887 7.73504
0.576917 7.69594
0.574885 7.65017
0.572932 7.60725
0.570979 7.56147
0.568948 7.52142
0.566995 7.48089
0.564963 7.43225
0.56301 7.38743
0.561057 7.34928
0.559026 7.30494
0.557073 7.26727
0.555041 7.2296
0.553088 7.18334
0.551135 7.14758
0.549104 7.10085
0.547151 7.06318
0.545197 7.02265
0.543166 6.98069
0.541213 6.93157
0.539182 6.90058
0.537229 6.86338
0.535275 6.82333
0.533244 6.77898
0.531291 6.74465
0.52926 6.70078
0.527307 6.67074
0.525353 6.62639
0.523322 6.58538
0.521369 6.54724
0.519338 6.51147
0.517385 6.4738
0.515431 6.43518
0.5134 6.40085
0.511447 6.36032
0.509494 6.32694
0.507463 6.28593
0.505509 6.24683
0.503478 6.21679
0.501525 6.17435
0.499572 6.13
0.497541 6.09901
0.495588 6.05991
0.493557 6.02701
0.491604 5.98791
0.489651 5.95262
0.487619 5.91638
0.485666 5.87776
0.483635 5.84724
0.481682 5.80719
0.479729 5.76522
0.477697 5.72517
0.475744 5.69131
0.473713 5.65889
0.47176 5.62789
0.469807 5.58307
0.467775 5.54349
0.465822 5.50439
0.463869 5.47721
0.461838 5.43811
0.459885 5.39376
0.457853 5.36515
0.4559 5.32271
0.453947 5.29124
0.451916 5.25071
0.449963 5.21733
0.447931 5.17394
0.445978 5.13246
0.444025 5.09717
0.441994 5.05521
0.440041 5.02278
0.438009 4.97462
0.436056 4.93886
0.434103 4.90167
0.432072 4.85875
0.430119 4.82633
0.428087 4.7753
0.426134 4.74097
0.424181 4.70378
0.42215 4.66182
0.420197 4.62367
0.418243 4.57408
0.416212 4.53259
0.414259 4.50065
0.412229 4.45439
0.410275 4.41005
0.408322 4.36808
0.406291 4.32087
0.404338 4.27462
0.402307 4.23218
0.400353 4.19833
0.3984 4.14254
0.396369 4.09152
0.394416 4.04908
0.392385 3.99615
0.390431 3.94989
0.388478 3.90364
0.386447 3.84213
0.384494 3.78777
0.382541 3.73818
0.380509 3.68859
0.378556 3.62755
0.376525 3.57892
0.374572 3.52265
0.372619 3.46924
0.370587 3.39772
0.368634 3.33859
0.366603 3.28137
0.36465 3.2189
0.362697 3.14976
0.360665 3.07632
0.358712 3.00098
0.356681 2.94758
0.354728 2.86032
0.352775 2.7907
0.350743 2.70201
0.34879 2.62762
0.346759 2.54417
0.344806 2.45787
0.342853 2.36727
0.340821 2.27905
0.338868 2.1751
0.336915 2.09213
0.334884 1.992
0.332931 1.88137
0.3309 1.77217
0.328947 1.65153
0.326994 1.54472
0.324963 1.42265
0.323009 1.28961
0.320978 1.15514
0.319025 1.02258
0.317072 0.884776
0.315041 0.741725
0.313087 0.582457
0.311056 0.675371
0.309103 0.300909
0.30715 0.175834
0.305119 -0.00841618
0.303165 -0.197721
0.301134 -0.415398
0.299181 -0.624635
0.297228 -0.821761
0.295197 -1.0422
0.293243 -1.27032
0.29129 -1.51222
0.289259 -1.77158
0.287306 -2.02802
0.285275 -2.30096
0.283321 -2.55221
0.281368 -2.86258
0.279337 -3.15698
0.277384 -3.47346
0.275352 -3.79042
0.273399 -4.1109
0.271446 -4.46967
0.269415 -4.83121
0.267462 -5.18927
0.26543 -5.60021
0.263477 -5.98531
0.261524 -5.95357
0.259493 -6.71127
0.25754 -7.07844
0.255587 -7.55432
0.253555 -8.02639
0.251602 -8.5204
0.249571 -9.04206
0.247618 -9.56515
0.245665 -10.0916
0.243634 -10.6328
0.241681 -11.2007
0.23965 -11.7815
0.237697 -12.3766
0.235744 -12.9607
0.233712 -13.5835
0.231759 -14.2201
0.229728 -14.8585
0.227775 -15.5376
0.225821 -16.2032
0.22379 -16.887
0.221837 -17.588
0.219806 -18.278
0.217853 -18.947
0.215899 -19.677
0.213868 -20.4156
0.211915 -21.1843
0.209962 -21.8938
0.207931 -22.7087
0.205977 -23.4612
0.203946 -24.2446
0.201993 -25.0209
0.20004 -25.7891
0.198009 -26.5921
0.196055 -27.3689
0.194024 -28.1485
0.192071 -28.9887
0.190118 -29.7574
0.188087 -30.5604
0.186133 -31.3252
0.184102 -32.1406
0.182149 -32.9164
0.180196 -33.6942
0.178164 -34.3984
0.176211 -35.1633
0.17418 -35.941
0.172227 -36.6854
0.170274 -37.4168
0.168242 -38.1125
0.166289 -38.8311
0.164336 -39.5416
0.162305 -40.2001
0.160352 -40.8687
0.158321 -41.5076
0.156368 -42.117
0.154415 -42.767
0.152384 -43.3521
0.150431 -43.9419
0.148399 -44.4927
0.146446 -44.991
0.144493 -45.5508
0.142462 -46.041
0.140509 -46.5097
0.138477 -46.8945
0.136524 -47.2669
0.134571 -47.7442
0.13254 -48.11
0.130587 -48.4757
0.128633 -48.8014
0.126602 -49.1056
0.124649 -49.4084
0.122618 -49.6845
0.120665 -49.8924
0.118711 -50.1384
0.11668 -50.301
0.114727 -50.5127
0.112696 -50.6563
0.110743 -50.8098
0.108789 -50.9185
0.106758 -51.0068
0.104805 -51.0621
0.102774 -51.1455
0.100821 -51.1703
0.0988674 -51.1622
0.0968361 -51.1632
0.094883 -51.1517
0.0928516 -51.1283
0.0908985 -51.0907
0.0889454 -51.0168
0.0869141 -50.9376
0.0849609 -50.8551
0.0830078 -50.7435
0.0809765 -50.6348
0.0790234 -50.507
0.076993 -50.3759
0.0750389 -50.2457
0.0730858 -50.0731
0.0710554 -49.9324
0.0691023 -49.757
0.067071 -49.5796
0.0651178 -49.3903
0.0631647 -49.1857
0.0611334 -49.005
0.0591803 -48.7494
0.0571489 -48.5615
0.0551958 -48.3493
0.0532427 -48.1367
0.0512114 -47.9235
0.0492582 -47.7003
0.0472269 -47.4548
0.0452738 -47.2588
0.0433207 -47.0137
0.0412893 -46.7896
0.0393362 -46.5407
0.0373831 -46.317
0.0353518 -46.0867
0.0333986 -45.8569
0.0313673 -45.6013
0.0294142 -45.3762
0.0274611 -45.1416
0.0254297 -44.918
0.0234766 -44.6681
0.0214453 -44.4354
0.0194921 -44.1794
0.017539 -43.9629
0.0155077 -43.7226
0.0135546 -43.5004
0.0115232 -43.2734
0.00957012 -43.0431
0.007617 -42.818
0.00558567 -42.591
0.00363255 -42.3798
0.00167942 -42.1576
-0.000351906 -41.9225
-0.00230503 -41.7256
-0.00433636 -41.5148
-0.00628948 -41.2969
-0.00824261 -41.0885
-0.010273 -40.8649
-0.0122261 -40.6813
-0.0142574 -40.4719
-0.0162106 -40.2607
-0.0181637 -40.0628
-0.020195 -39.8363
-0.0221481 -39.6551
-0.0241795 -39.4591
-0.0261326 -39.2641
-0.0280857 -39.0963
-0.030117 -38.8927
-0.0320702 -38.7119
-0.0341015 -38.535
-0.0360546 -38.3534
-0.0380077 -38.166
-0.0400391 -37.9957
-0.0419922 -37.8045
-0.0439453 -37.6519
-0.0459766 -37.4722
-0.0479298 -37.3138
-0.0499611 -37.1365
-0.0519142 -36.9805
-0.0538673 -36.807
-0.0558987 -36.6558
-0.0578518 -36.4884
-0.0598831 -36.3268
-0.0618362 -36.1833
-0.0637894 -36.0297
-0.0658207 -35.8766
-0.0677738 -35.7183
-0.0698051 -35.5734
-0.0717583 -35.4351
-0.0737114 -35.2839
-0.0757427 -35.148
-0.0776958 -35.0016
-0.0797272 -34.87
-0.0816803 -34.7351
-0.0836334 -34.5878
-0.0856647 -34.4728
-0.0876179 -34.3288
-0.089571 -34.202
-0.0916023 -34.078
-0.0935555 -33.9459
-0.0955858 -33.8181
-0.0975389 -33.6884
-0.0994921 -33.5606
-0.0975389 -32.719
-0.0955858 -32.1759
-0.0935555 -31.7324
-0.0916023 -31.3467
-0.089571 -30.991
-0.0876179 -30.6658
-0.0856647 -30.3644
-0.0836334 -30.0707
-0.0816803 -29.797
-0.0797272 -29.5294
-0.0776958 -29.2724
-0.0757427 -29.0278
-0.0737114 -28.7932
-0.0717583 -28.5729
-0.0698051 -28.3407
-0.0677738 -28.1061
-0.0658207 -27.8944
-0.0637894 -27.6879
-0.0618362 -27.479
-0.0598831 -27.2735
-0.0578518 -27.0823
-0.0558987 -26.8954
-0.0538673 -26.6956
-0.0519142 -26.512
-0.0499611 -26.3189
-0.0479298 -26.1358
-0.0459766 -25.9584
-0.0439453 -25.7729
-0.0419922 -25.5941
-0.0400391 -25.4363
-0.0380077 -25.2594
-0.0360546 -25.081
-0.0341015 -24.9117
-0.0320702 -24.7487
-0.030117 -24.577
-0.0280857 -24.4339
-0.0261326 -24.257
-0.0241795 -24.1083
-0.0221481 -23.9347
-0.020195 -23.7711
-0.0181637 -23.6529
-0.0162106 -23.4836
-0.0142574 -23.3315
-0.0122261 -23.1765
-0.010273 -23.0049
-0.00824261 -22.8666
-0.00628948 -22.7178
-0.00433636 -22.5614
-0.00230503 -22.4131
-0.000351906 -22.2491
0.00167942 -22.1179
0.00363255 -21.9792
0.00558567 -21.8261
0.007617 -21.6773
0.00957012 -21.5295
0.0115232 -21.3922
0.0135546 -21.2458
0.0155077 -21.097
0.017539 -20.9459
0.0194921 -20.798
0.0214453 -20.6827
0.0234766 -20.5291
0.0254297 -20.3756
0.0274611 -20.233
0.0294142 -20.0847
0.0313673 -19.9321
0.0333986 -19.7943
0.0353518 -19.636
0.0373831 -19.4963
0.0393362 -19.3432
0.0412893 -19.2092
0.0433207 -19.0562
0.0452738 -18.9093
0.0472269 -18.7586
0.0492582 -18.607
0.0512114 -18.4706
0.0532427 -18.2932
0.0551958 -18.1435
0.0571489 -17.9976
0.0591803 -17.8316
0.0611334 -17.7057
0.0631647 -17.5245
0.0651178 -17.3681
0.067071 -17.2032
0.0691023 -17.0353
0.0710554 -16.8713
0.0730858 -16.6901
0.0750389 -16.5241
0.076993 -16.3415
0.0790234 -16.1617
0.0809765 -16.002
0.0830078 -15.8141
0.0849609 -15.6272
0.0869141 -15.4317
0.0889454 -15.2348
0.0908985 -15.055
0.0928516 -14.8538
0.094883 -14.6421
0.0968361 -14.4322
0.0988674 -14.2301
0.100821 -14.0312
0.102774 -13.8095
0.104805 -13.5687
0.106758 -13.3484
0.108789 -13.1109
0.110743 -12.8716
0.112696 -12.6122
0.114727 -12.3666
0.11668 -12.0986
0.118711 -11.8545
0.120665 -11.5612
0.122618 -11.3047
0.124649 -11.0071
0.126602 -10.7
0.128633 -10.4096
0.130587 -10.1064
0.13254 -9.77496
0.134571 -9.45119
0.136524 -9.0802
0.138477 -8.77503
0.140509 -8.44983
0.142462 -8.07884
0.144493 -7.71454
0.146446 -7.30303
0.148399 -6.93157
0.150431 -6.52387
0.152384 -6.11236
0.154415 -5.67987
0.156368 -5.24022
0.158321 -4.80916
0.160352 -4.34996
0.162305 -3.88743
0.164336 -3.42728
0.166289 -2.92231
0.168242 -2.41924
0.170274 -1.90903
0.172227 -1.40071
0.17418 -0.867133
0.176211 -0.313044
0.178164 0.230074
0.180196 0.755553
0.182149 1.33253
0.184102 1.91475
0.186133 2.52224
0.188087 3.11113
0.190118 3.73484
0.192071 4.33232
0.194024 4.9999
0.196055 5.60977
0.198009 6.25207
0.20004 6.90535
0.201993 7.55671
0.203946 8.20807
0.205977 8.88899
0.207931 9.54608
0.209962 10.2694
0.211915 10.9036
0.213868 11.6098
0.215899 12.2936
0.217853 12.9846
0.219806 13.6264
0.221837 14.303
0.22379 15.0049
0.225821 15.7073
0.227775 16.3949
0.229728 17.0878
0.231759 17.7782
0.233712 18.4835
0.235744 19.1577
0.237697 19.8119
0.23965 20.4862
0.241681 21.1643
0.243634 21.8185
0.245665 22.4598
0.247618 23.0964
0.249571 23.7482
0.251602 24.3882
0.253555 25.0071
0.255587 25.597
0.25754 26.2002
0.259493 26.7576
0.261524 27.3169
0.263477 27.8934
0.26543 28.4184
0.267462 28.9925
0.269415 29.4799
0.271446 30.002
0.273399 30.5217
0.275352 30.9781
0.277384 31.4153
0.279337 31.8707
0.281368 32.287
0.283321 32.7481
0.285275 33.0876
0.287306 33.4634
0.289259 33.8215
0.29129 34.1772
0.293243 34.5167
0.295197 34.7971
0.297228 35.0675
0.299181 35.2997
0.301134 35.5433
0.303165 35.7832
0.305119 35.9935
0.30715 36.1775
0.309103 36.3611
0.311056 36.5108
0.313087 36.6649
0.315041 36.7779
0.317072 36.858
0.319025 36.9314
0.320978 37.0006
0.323009 37.0587
0.324963 37.0878
0.326994 37.0931
0.328947 37.084
0.3309 37.0764
0.332931 37.0459
0.334884 36.9944
0.336915 36.9305
0.338868 36.816
0.340821 36.7621
0.342853 36.6405
0.344806 36.5328
0.346759 36.4117
0.34879 36.2801
0.350743 36.1341
0.352775 35.9782
0.354728 35.797
0.356681 35.6497
0.358712 35.4313
0.360665 35.2534
0.362697 35.0584
0.36465 34.8557
0.366603 34.6416
0.368634 34.4266
0.370587 34.2096
0.372619 33.9865
0.374572 33.7385
0.376525 33.5106
0.378556 33.2297
0.380509 33.0099
0.382541 32.7677
0.384494 32.5249
0.386447 32.2784
0.388478 32.0381
0.390431 31.794
0.392385 31.5303
0.394416 31.278
0.396369 31.0281
0.3984 30.7873
0.400353 30.5303
0.402307 30.2795
0.404338 30.0339
0.406291 29.7764
0.408322 29.5423
0.410275 29.2987
0.412229 29.0455
0.414259 28.8094
0.416212 28.5543
0.418243 28.3097
0.420197 28.0837
0.42215 27.841
0.424181 27.6044
0.426134 27.3841
0.428087 27.1562
0.430119 26.9478
0.432072 26.6999
0.434103 26.4877
0.436056 26.2664
0.438009 26.0528
0.440041 25.8454
0.441994 25.6289
0.444025 25.4191
0.445978 25.2155
0.447931 25.0095
0.449963 24.8264
0.451916 24.6128
0.453947 24.423
0.4559 24.2213
0.457853 24.0396
0.459885 23.8441
0.461838 23.6648
0.463869 23.4784
0.465822 23.3005
0.467775 23.1231
0.469807 22.9581
0.47176 22.7779
0.473713 22.6091
0.475744 22.4412
0.477697 22.2815
0.479729 22.1208
0.481682 21.9582
0.483635 21.7999
0.485666 21.6425
0.487619 21.489
0.489651 21.3412
0.491604 21.1838
0.493557 21.0465
0.495588 20.8967
0.497541 20.7537
0.499572 20.6025
0.501525 20.47
0.503478 20.3436
0.505509 20.192
0.507463 20.0752
0.509494 19.9354
0.511447 19.8029
0.5134 19.6827
0.515431 19.5511
0.517385 19.4262
0.519338 19.3117
0.521369 19.1792
0.523322 19.0638
0.525353 18.9474
0.527307 18.8368
0.52926 18.7128
0.531291 18.606
0.533244 18.4921
0.535275 18.3881
0.537229 18.2794
0.539182 18.1606
0.541213 18.0572
0.543166 17.9585
0.545197 17.8526
0.547151 17.7572
0.549104 17.649
0.551135 17.5498
0.553088 17.454
0.555041 17.3586
0.557073 17.2713
0.559026 17.1741
0.561057 17.0787
0.56301 16.9843
0.564963 16.898
0.566995 16.8179
0.568948 16.7168
0.570979 16.6319
0.572932 16.5489
0.574885 16.4645
0.576917 16.3835
0.57887 16.2852
0.580901 16.2132
0.582854 16.1312
0.584807 16.0602
0.586838 15.9696
0.588791 15.8938
0.590822 15.8189
0.592775 15.7455
0.594728 15.6687
0.59676 15.5948
0.598713 15.5137
0.600666 15.4484
0.602697 15.3759
0.60465 15.3096
0.606682 15.2395
0.608635 15.1675
0.610588 15.0951
0.612619 15.0326
0.614573 14.9615
0.616604 14.9048
0.618557 14.8256
0.62051 14.7651
0.622541 14.7036
0.624495 14.6344
0.626526 14.5805
0.628479 14.5133
0.630432 14.4485
0.632463 14.3936
0.634417 14.3335
0.636448 14.2668
0.638401 14.2134
0.640354 14.1676
0.642385 14.1042
0.644339 14.0427
0.646292 13.9869
0.648323 13.9344
0.650276 13.8796
0.652308 13.8214
0.654261 13.7713
0.656214 13.7175
0.658245 13.6617
0.660198 13.6159
0.66223 13.5639
0.664183 13.5172
0.666136 13.4681
0.668166 13.4166
0.67012 13.3646
0.672151 13.3222
0.674104 13.2778
0.676057 13.2216
0.678088 13.1834
0.680041 13.1338
0.681994 13.0942
0.684026 13.0456
0.685979 13.0041
0.68801 12.9521
0.689963 12.9145
0.691916 12.8701
0.693948 12.8282
0.695901 12.7838
0.697932 12.7414
0.699885 12.7037
0.697932 12.3489
0.695901 12.1367
0.693948 11.9746
0.691916 11.8196
