0.689963 0.784397
0.68801 0.650883
0.685979 0.574589
0.684026 0.522137
0.681994 0.474453
0.680041 0.398397
0.678088 0.362635
0.676057 0.334978
0.674104 0.305414
0.672151 0.272989
0.67012 0.326325
0.668166 0.174118
0.666136 0.219561
0.664183 0.196434
0.66223 0.16768
0.660198 0.149084
0.658245 0.132633
0.656214 0.110889
0.654261 0.0917678
0.652308 0.0712638
0.650276 0.0632529
0.648323 0.033164
0.646292 0.0189066
0.644339 0.00360012
0.642385 -0.0127554
0.640354 -0.0224829
0.638401 -0.0447512
0.636448 -0.0522852
0.634417 -0.072742
0.632463 -0.0867133
0.630432 -0.0928645
0.628479 -0.106454
0.626526 -0.126815
0.624495 -0.134159
0.622541 -0.15142
0.62051 -0.158239
0.618557 -0.172163
0.616604 -0.180173
0.614573 -0.196434
0.612619 -0.205685
0.610588 -0.222946
0.608635 -0.228668
0.606682 -0.239159
0.60465 -0.247074
0.602697 -0.258804
0.600666 -0.267864
0.598713 -0.279881
0.59676 -0.298859
0.594728 -0.302435
0.592775 -0.310303
0.590822 -0.326468
0.588791 -0.334002
0.586838 -0.339867
0.584807 -0.353171
0.582854 -0.358988
0.580901 -0.37358
0.57887 -0.386454
0.576917 -0.380589
0.574885 -0.401093
0.572932 -0.407197
0.570979 -0.418593
0.568948 -0.427367
0.566995 -0.431181
0.564963 -0.4442
0.56301 -0.45078
0.561057 -0.459601
0.559026 -0.469853
0.557073 -0.47672
0.555041 -0.489118
0.553088 -0.492837
0.551135 -0.49956
0.549104 -0.515725
0.547151 -0.516679
0.545197 -0.526597
0.543166 -0.537993
0.541213 -0.544765
0.539182 -0.556542
0.537229 -0.554683
0.535275 -0.562169
0.533244 -0.570228
0.531291 -0.583055
0.52926 -0.58439
0.527307 -0.59345
0.525353 -0.599792
0.523322 -0.615575
0.521369 -0.629499
0.519338 -0.625494
0.517385 -0.635746
0.515431 -0.642183
0.5134 -0.648906
0.511447 -0.655296
0.509494 -0.665691
0.507463 -0.670078
0.505509 -0.684335
0.503478 -0.678995
0.501525 -0.698975
0.499572 -0.703028
0.497541 -0.707176
0.495588 -0.714853
0.493557 -0.71657
0.491604 -0.726393
0.489651 -0.738791
0.487619 -0.740316
0.485666 -0.755337
0.483635 -0.75424
0.481682 -0.771215
0.479729 -0.772789
0.477697 -0.779655
0.475744 -0.792578
0.473713 -0.795057
0.47176 -0.804356
0.469807 -0.810745
0.467775 -0.820807
0.465822 -0.827244
0.463869 -0.833872
0.461838 -0.840786
0.459885 -0.850466
0.457853 -0.853661
0.4559 -0.857047
0.453947 -0.866822
0.451916 -0.881604
0.449963 -0.882748
0.447931 -0.895194
0.445978 -0.89939
0.444025 -0.91236
0.441994 -0.917462
0.440041 -0.924138
0.438009 -0.932053
0.436056 -0.948028
0.434103 -0.952033
0.432072 -0.961093
0.430119 -0.968198
0.428087 -0.98112
0.426134 -0.987462
0.424181 -1.00353
0.42215 -1.01107
0.420197 -1.01483
0.418243 -1.03109
0.416212 -1.03453
0.414259 -1.04435
0.412229 -1.06013
0.410275 -1.06976
0.408322 -1.08507
0.406291 -1.09389
0.404338 -1.10443
0.402307 -1.12336
0.400353 -1.13252
0.3984 -1.14558
0.396369 -1.1617
0.394416 -1.17677
0.392385 -1.1874
0.390431 -1.20171
0.388478 -1.22512
0.386447 -1.24667
0.384494 -1.25807
0.382541 -1.27867
0.380509 -1.29707
0.378556 -1.31982
0.376525 -1.33803
0.374572 -1.36531
0.372619 -1.38271
0.370587 -1.41032
0.368634 -1.44051
0.366603 -1.47107
0.36465 -1.49286
0.362697 -1.52672
0.360665 -1.55848
0.358712 -1.59262
0.356681 -1.61951
0.354728 -1.66333
0.352775 -1.69695
0.350743 -1.74421
0.34879 -1.79284
0.346759 -1.83509
0.344806 -1.88468
0.342853 -1.93709
0.340821 -1.98344
0.338868 -2.04967
0.336915 -2.10088
0.334884 -2.16645
0.332931 -2.23258
0.3309 -2.3032
0.328947 -2.38107
0.326994 -2.4588
0.324963 -2.53433
0.323009 -2.62607
0.320978 -2.72859
0.319025 -2.82048
0.317072 -2.92095
0.315041 -3.02533
0.313087 -3.13452
0.311056 -3.26518
0.309103 -3.38863
0.30715 -3.5221
0.305119 -3.66706
0.303165 -3.80701
0.301134 -3.97395
0.299181 -4.13522
0.297228 -4.28628
0.295197 -4.46538
0.293243 -4.65221
0.29129 -4.86078
0.289259 -5.0765
0.287306 -5.28931
0.285275 -5.52025
0.283321 -5.73716
0.281368 -6.01749
0.279337 -5.89635
0.277384 -6.47476
0.275352 -6.70459
0.273399 -7.00834
0.271446 -7.34213
0.269415 -7.6783
0.267462 -8.01828
0.26543 -8.38927
0.263477 -8.75214
0.261524 -9.15841
0.259493 -9.54465
0.25754 -9.94519
0.255587 -10.3782
0.253555 -10.8154
0.251602 -11.2722
0.249571 -11.7624
0.247618 -12.2602
0.245665 -12.7657
0.243634 -13.2821
0.241681 -13.8147
0.23965 -14.3693
0.237697 -14.9472
0.235744 -15.5209
0.233712 -16.1226
0.231759 -16.754
0.229728 -17.3829
0.227775 -18.0457
0.225821 -18.6904
0.22379 -19.3885
0.221837 -20.0756
0.219806 -20.7589
0.217853 -21.4227
0.215899 -22.1713
0.213868 -22.8976
0.211915 -23.6643
0.209962 -24.3767
0.207931 -25.1978
0.205977 -25.9641
0.203946 -26.7523
0.201993 -27.5372
0.20004 -28.3288
0.198009 -29.1341
0.196055 -29.9452
0.194024 -30.7373
0.192071 -31.5841
0.190118 -32.3805
0.188087 -33.2044
0.186133 -33.9912
0.184102 -34.8314
0.182149 -35.6368
0.180196 -36.4474
0.178164 -37.1784
0.176211 -37.9676
0.17418 -38.7734
0.172227 -39.5626
0.170274 -40.3108
0.168242 -41.0599
0.166289 -41.809
0.164336 -42.5557
0.162305 -43.2634
0.160352 -43.9519
0.158321 -44.6543
0.156368 -45.3004
0.154415 -45.9804
0.152384 -46.6122
0.150431 -47.254
0.148399 -47.8434
0.146446 -48.3932
0.144493 -48.9964
0.142462 -49.53
0.140509 -50.0392
0.138477 -50.4741
0.136524 -50.8895
0.134571 -51.4073
0.13254 -51.826
0.130587 -52.2456
0.128633 -52.6027
0.126602 -52.9503
0.124649 -53.3018
0.122618 -53.6222
0.120665 -53.8802
0.118711 -54.1653
0.11668 -54.3742
0.114727 -54.6121
0.112696 -54.8091
0.110743 -55.0003
0.108789 -55.1424
0.106758 -55.2663
0.104805 -55.3579
0.102774 -55.4838
0.100821 -55.5472
0.0988674 -55.5634
0.0968361 -55.5887
0.094883 -55.6011
0.0928516 -55.6092
0.0908985 -55.6054
0.0889454 -55.5434
0.0869141 -55.4933
0.0849609 -55.4228
0.0830078 -55.3479
0.0809765 -55.2616
0.0790234 -55.1433
0.076993 -55.0379
0.0750389 -54.9097
0.0730858 -54.7619
0.0710554 -54.6317
0.0691023 -54.4672
0.067071 -54.305
0.0651178 -54.1262
0.0631647 -53.9288
0.0611334 -53.7567
0.0591803 -53.504
0.0571489 -53.3204
0.0551958 -53.1091
0.0532427 -52.9012
0.0512114 -52.6895
0.0492582 -52.4668
0.0472269 -52.2446
0.0452738 -52.0315
0.0433207 -51.7759
0.0412893 -51.5537
0.0393362 -51.3057
0.0373831 -51.0854
0.0353518 -50.8503
0.0333986 -50.6105
0.0313673 -50.3492
0.0294142 -50.1284
0.0274611 -49.8933
0.0254297 -49.6554
0.0234766 -49.3912
0.0214453 -49.1528
0.0194921 -48.8948
0.017539 -48.6764
0.0155077 -48.4371
0.0135546 -48.1858
0.0115232 -47.9602
0.00957012 -47.718
0.007617 -47.4944
0.00558567 -47.2564
0.00363255 -47.0256
0.00167942 -46.7863
-0.000351906 -46.5474
-0.00230503 -46.339
-0.00433636 -46.1206
-0.00628948 -45.8907
-0.00824261 -45.6662
-0.010273 -45.4459
-0.0122261 -45.2375
-0.0142574 -45.0272
-0.0162106 -44.8045
-0.0181637 -44.5928
-0.020195 -44.3429
-0.0221481 -44.1579
-0.0241795 -43.961
-0.0261326 -43.7497
-0.0280857 -43.5547
-0.030117 -43.3511
-0.0320702 -43.1604
-0.0341015 -42.961
-0.0360546 -42.7756
-0.0380077 -42.5877
-0.0400391 -42.385
-0.0419922 -42.1995
-0.0439453 -42.0345
-0.0459766 -41.8443
-0.0479298 -41.6612
-0.0499611 -41.4819
-0.0519142 -41.3164
-0.0538673 -41.1343
-0.0558987 -40.9664
-0.0578518 -40.7771
-0.0598831 -40.6121
-0.0618362 -40.4476
-0.0637894 -40.2855
-0.0658207 -40.1301
-0.0677738 -39.9617
-0.0698051 -39.8072
-0.0717583 -39.6461
-0.0737114 -39.483
-0.0757427 -39.3361
-0.0776958 -39.1916
-0.0797272 -39.0395
-0.0816803 -38.8927
-0.0836334 -38.7496
-0.0856647 -38.6027
-0.0876179 -38.4707
-0.089571 -38.3157
-0.0916023 -38.1879
-0.0935555 -38.041
-0.0955858 -37.9075
-0.0975389 -37.7778
-0.0994921 -37.6181
-0.0975389 -36.7507
-0.0955858 -36.1694
-0.0935555 -35.6883
-0.0916023 -35.2806
-0.089571 -34.8929
-0.0876179 -34.5539
-0.0856647 -34.2196
-0.0836334 -33.9073
-0.0816803 -33.6207
-0.0797272 -33.3313
-0.0776958 -33.0552
-0.0757427 -32.7929
-0.0737114 -32.523
-0.0717583 -32.2851
-0.0698051 -32.04
-0.0677738 -31.8006
-0.0658207 -31.576
-0.0637894 -31.3367
-0.0618362 -31.1192
-0.0598831 -30.8956
-0.0578518 -30.6958
-0.0558987 -30.4793
-0.0538673 -30.2647
-0.0519142 -30.0673
-0.0499611 -29.8623
-0.0479298 -29.6692
-0.0459766 -29.4679
-0.0439453 -29.2748
-0.0419922 -29.075
-0.0400391 -28.8995
-0.0380077 -28.7164
-0.0360546 -28.519
-0.0341015 -28.3369
-0.0320702 -28.1638
-0.030117 -27.9778
-0.0280857 -27.8138
-0.0261326 -27.6159
-0.0241795 -27.4533
-0.0221481 -27.2783
-0.020195 -27.1085
-0.0181637 -26.9526
-0.0162106 -26.7795
-0.0142574 -26.6126
-0.0122261 -26.4467
-0.010273 -26.2683
-0.00824261 -26.1048
-0.00628948 -25.9417
-0.00433636 -25.781
-0.00230503 -25.6055
-0.000351906 -25.4348
0.00167942 -25.287
0.00363255 -25.1306
0.00558567 -24.9694
0.007617 -24.8087
0.00957012 -24.639
0.0115232 -24.4854
0.0135546 -24.3257
0.0155077 -24.1679
0.017539 -24.0138
0.0194921 -23.8422
0.0214453 -23.7025
0.0234766 -23.5375
0.0254297 -23.3839
0.0274611 -23.2232
0.0294142 -23.0583
0.0313673 -22.8842
0.0333986 -22.735
0.0353518 -22.5728
0.0373831 -22.4083
0.0393362 -22.2338
0.0412893 -22.0836
0.0433207 -21.9263
0.0452738 -21.7584
0.0472269 -21.5853
0.0492582 -21.4308
0.0512114 -21.262
0.0532427 -21.0808
0.0551958 -20.9177
0.0571489 -20.7446
0.0591803 -20.5763
0.0611334 -20.4199
0.0631647 -20.2306
0.0651178 -20.0599
0.067071 -19.8777
0.0691023 -19.6932
0.0710554 -19.5039
0.0730858 -19.316
0.0750389 -19.1344
0.076993 -18.9412
0.0790234 -18.7381
0.0809765 -18.5545
0.0830078 -18.3461
0.0849609 -18.1473
0.0869141 -17.9356
0.0889454 -17.7286
0.0908985 -17.5136
0.0928516 -17.3009
0.094883 -17.0668
0.0968361 -16.8474
0.0988674 -16.6186
0.100821 -16.403
0.102774 -16.1627
0.104805 -15.909
0.106758 -15.6658
0.108789 -15.4155
0.110743 -15.1461
0.112696 -14.8833
0.114727 -14.6053
0.11668 -14.3173
0.118711 -14.0493
0.120665 -13.7456
0.122618 -13.4628
0.124649 -13.1443
0.126602 -12.8205
0.128633 -12.5044
0.130587 -12.1863
0.13254 -11.8454
0.134571 -11.5087
0.136524 -11.1111
0.138477 -10.7792
0.140509 -10.4359
0.142462 -10.0572
0.144493 -9.65814
0.146446 -9.23613
0.148399 -8.84322
0.150431 -8.42503
0.152384 -7.98347
0.154415 -7.53954
0.156368 -7.07224
0.158321 -6.62782
0.160352 -6.16338
0.162305 -5.67987
0.164336 -5.1954
0.166289 -4.68041
0.168242 -4.16304
0.170274 -3.64472
0.172227 -3.12305
0.17418 -2.5704
0.176211 -2.01012
0.178164 -1.44172
0.180196 -0.915771
0.182149 -0.326395
0.184102 0.262976
0.186133 0.887637
0.188087 1.47701
0.190118 2.10787
0.192071 2.70725
0.194024 3.38437
0.196055 3.99853
0.198009 4.65371
0.20004 5.30889
0.201993 5.96025
0.203946 6.61781
0.205977 7.2954
0.207931 7.94914
0.209962 8.67251
0.211915 9.30289
0.213868 10.0058
0.215899 10.6762
0.217853 11.3719
0.219806 12.0066
0.221837 12.6722
0.22379 13.3718
0.225821 14.0675
0.227775 14.7398
0.229728 15.4231
0.231759 16.0959
0.233712 16.785
0.235744 17.4521
0.237697 18.0867
0.23965 18.751
0.241681 19.4104
0.243634 20.0508
0.245665 20.6631
0.247618 21.2935
0.249571 21.9153
0.251602 22.5356
0.253555 23.1274
0.255587 23.6963
0.25754 24.2876
0.259493 24.8145
0.261524 25.3566
0.263477 25.9098
0.26543 26.4
0.267462 26.9359
0.269415 27.408
0.271446 27.902
0.273399 28.3908
0.275352 28.8137
0.277384 29.2219
0.279337 29.6425
0.281368 30.0277
0.283321 30.464
0.285275 30.773
0.287306 31.1269
0.289259 31.453
0.29129 31.7754
0.293243 32.0786
0.295197 32.3299
0.297228 32.5726
0.299181 32.7572
0.301134 32.9813
0.303165 33.2001
0.305119 33.368
0.30715 33.5215
0.309103 33.6713
0.311056 33.801
0.313087 33.9292
0.315041 34.0094
0.317072 34.0675
0.319025 34.1095
0.320978 34.1467
0.323009 34.1843
0.324963 34.1848
0.326994 34.1658
0.328947 34.1329
0.3309 34.1066
0.332931 34.0451
0.334884 33.9607
0.336915 33.8978
0.338868 33.7519
0.340821 33.6722
0.342853 33.5316
0.344806 33.4147
0.346759 33.2798
0.34879 33.1267
0.350743 32.966
0.352775 32.8001
0.354728 32.6055
0.356681 32.4506
0.358712 32.2231
0.360665 32.0276
0.362697 31.823
0.36465 31.607
0.366603 31.3925
0.368634 31.1674
0.370587 30.9409
0.372619 30.7196
0.374572 30.464
0.376525 30.2366
0.378556 29.9562
0.380509 29.7345
0.382541 29.4908
0.384494 29.2362
0.386447 28.9925
0.388478 28.7536
0.390431 28.5052
0.392385 28.2444
0.394416 27.9993
0.396369 27.7494
0.3984 27.5072
0.400353 27.2559
0.402307 27.0041
0.404338 26.7566
0.406291 26.5115
0.408322 26.2779
0.410275 26.039
0.412229 25.7958
0.414259 25.5598
0.416212 25.3228
0.418243 25.0824
0.420197 24.8559
0.42215 24.6285
0.424181 24.4025
0.426134 24.1836
0.428087 23.9528
0.430119 23.7597
0.432072 23.5213
0.434103 23.3143
0.436056 23.0959
0.438009 22.8942
0.440041 22.6892
0.441994 22.4813
0.444025 22.281
0.445978 22.0951
0.447931 21.8919
0.449963 21.7083
0.451916 21.5119
0.453947 21.3302
0.4559 21.139
0.457853 20.9635
0.459885 20.7732
0.461838 20.6002
0.463869 20.4333
0.465822 20.2635
0.467775 20.099
0.469807 19.9269
0.47176 19.7676
0.473713 19.6017
0.475744 19.4357
0.477697 19.2884
0.479729 19.1344
0.481682 18.9851
0.483635 18.8316
0.485666 18.6823
0.487619 18.5393
0.489651 18.3924
0.491604 18.2479
0.493557 18.1192
0.495588 17.9775
0.497541 17.8383
0.499572 17.7
0.501525 17.5694
0.503478 17.4564
0.505509 17.3143
0.507463 17.1946
0.509494 17.0687
0.511447 16.9509
0.5134 16.8327
0.515431 16.7096
0.517385 16.589
0.519338 16.4827
0.521369 16.3615
0.523322 16.2585
0.525353 16.1427
0.527307 16.0406
0.52926 15.9248
0.531291 15.8218
0.533244 15.7183
0.535275 15.6186
0.537229 15.5104
0.539182 15.4079
0.541213 15.3096
0.543166 15.219
0.545197 15.1246
0.547151 15.0235
0.549104 14.9239
0.551135 14.8376
0.553088 14.7479
0.555041 14.654
0.557073 14.5653
0.559026 14.4775
0.561057 14.3936
0.56301 14.3097
0.564963 14.2272
0.566995 14.1466
0.568948 14.0646
0.570979 13.9812
0.572932 13.8982
0.574885 13.8195
0.576917 13.7485
0.57887 13.6579
0.580901 13.5925
0.582854 13.5096
0.584807 13.4414
0.586838 13.3713
0.588791 13.2964
0.590822 13.2182
0.592775 13.151
0.594728 13.078
0.59676 13.0156
0.598713 12.9426
0.600666 12.8844
0.602697 12.8096
0.60465 12.7481
0.606682 12.6799
0.608635 12.626
0.610588 12.5535
0.612619 12.4896
0.614573 12.4314
0.616604 12.3761
0.618557 12.2993
0.62051 12.2493
0.622541 12.1878
0.624495 12.1358
0.626526 12.0762
0.628479 12.0171
0.630432 11.967
0.632463 11.906
0.634417 11.8545
0.636448 11.7963
0.638401 11.7448
0.640354 11.6938
0.642385 11.6308
0.644339 11.5893
0.646292 11.5397
0.648323 11.4921
0.650276 11.4396
0.652308 11.3848
0.654261 11.339
0.656214 11.2923
0.658245 11.2431
0.660198 11.1945
0.66223 11.1516
0.664183 11.103
0.666136 11.0562
0.668166 11.0057
0.67012 10.9656
0.672151 10.9275
0.674104 10.8879
0.676057 10.8393
0.678088 10.794
0.680041 10.7568
0.681994 10.7162
0.684026 10.6729
0.685979 10.6399
0.68801 10.5966
0.689963 10.5594
0.691916 10.5174
0.693948 10.484
0.695901 10.4387
0.697932 10.3996
0.699885 10.3658
0.697932 10.0196
0.695901 9.8236
0.693948 9.65241
0.691916 9.51079
