0.689963 10.7644
0.68801 10.6495
0.685979 10.5307
0.684026 10.423
0.681994 10.3205
0.680041 10.226
0.678088 10.135
0.676057 10.0449
0.674104 9.9657
0.672151 9.87796
0.67012 9.80309
0.668166 9.71297
0.666136 9.6486
0.664183 9.56372
0.66223 9.49315
0.660198 9.41829
0.658245 9.34485
0.656214 9.28381
0.654261 9.2161
0.652308 9.15078
0.650276 9.08164
0.648323 9.0144
0.646292 8.95718
0.644339 8.90282
0.642385 8.8332
0.640354 8.7736
0.638401 8.71209
0.636448 8.65677
0.634417 8.59288
0.632463 8.53518
0.630432 8.4832
0.628479 8.41931
0.626526 8.37258
0.624495 8.31965
0.622541 8.26148
0.62051 8.21665
0.618557 8.15943
0.616604 8.10841
0.614573 8.04785
0.612619 8.00827
0.610588 7.96011
0.608635 7.911
0.606682 7.84662
0.60465 7.80657
0.602697 7.75078
0.600666 7.71025
0.598713 7.65875
0.59676 7.6206
0.594728 7.56481
0.592775 7.51856
0.590822 7.47135
0.588791 7.42796
0.586838 7.38886
0.584807 7.33879
0.582854 7.29635
0.580901 7.25105
0.57887 7.20814
0.576917 7.17094
0.574885 7.12421
0.572932 7.07415
0.570979 7.0298
0.568948 6.99308
0.566995 6.95637
0.564963 6.90916
0.56301 6.86862
0.561057 6.83
0.559026 6.78041
0.557073 6.74846
0.555041 6.70316
0.553088 6.66025
0.551135 6.62115
0.549104 6.58586
0.547151 6.54676
0.545197 6.50432
0.543166 6.46427
0.541213 6.42374
0.539182 6.39131
0.537229 6.36461
0.535275 6.32312
0.533244 6.2721
0.531291 6.23205
0.52926 6.20105
0.527307 6.16577
0.525353 6.12619
0.523322 6.08089
0.521369 6.04131
0.519338 6.01652
0.517385 5.96693
0.515431 5.93641
0.5134 5.90017
0.511447 5.86679
0.509494 5.83007
0.507463 5.79097
0.505509 5.75807
0.503478 5.72088
0.501525 5.67796
0.499572 5.64411
0.497541 5.61311
0.495588 5.57496
0.493557 5.54444
0.491604 5.50105
0.489651 5.4691
0.487619 5.43763
0.485666 5.39424
0.483635 5.35466
0.481682 5.32128
0.479729 5.28695
0.477697 5.25977
0.475744 5.21495
0.473713 5.19063
0.47176 5.14771
0.469807 5.11052
0.467775 5.07476
0.465822 5.04329
0.463869 5.008
0.461838 4.96509
0.459885 4.93266
0.457853 4.90262
0.4559 4.8659
0.453947 4.82537
0.451916 4.78961
0.449963 4.75337
0.447931 4.71665
0.445978 4.67755
0.444025 4.63798
0.441994 4.61318
0.440041 4.5717
0.438009 4.53021
0.436056 4.4892
0.434103 4.4501
0.432072 4.42054
0.430119 4.38764
0.428087 4.33423
0.426134 4.30323
0.424181 4.26079
0.42215 4.22789
0.420197 4.18784
0.418243 4.14254
0.416212 4.10773
0.414259 4.07101
0.412229 4.03096
0.410275 3.98613
0.408322 3.94322
0.406291 3.89697
0.404338 3.85977
0.402307 3.81114
0.400353 3.7706
0.3984 3.72626
0.396369 3.67905
0.394416 3.63518
0.392385 3.58368
0.390431 3.54697
0.388478 3.49356
0.386447 3.44254
0.384494 3.39819
0.382541 3.34622
0.380509 3.28804
0.378556 3.2375
0.376525 3.19363
0.374572 3.13307
0.372619 3.08205
0.370587 3.01338
0.368634 2.95282
0.366603 2.89703
0.36465 2.83409
0.362697 2.76781
0.360665 2.70725
0.358712 2.63096
0.356681 2.57803
0.354728 2.49363
0.352775 2.43164
0.350743 2.34581
0.34879 2.26665
0.346759 2.18941
0.344806 2.10119
0.342853 2.01155
0.340821 1.93287
0.338868 1.82844
0.336915 1.7469
0.334884 1.64581
0.332931 1.54758
0.3309 1.43981
0.328947 1.32204
0.326994 1.21141
0.324963 1.0984
0.323009 0.97156
0.320978 0.839
0.319025 0.703578
0.317072 0.806978
0.315041 0.466229
0.313087 0.3711
0.311056 0.195528
0.309103 0.0246763
0.30715 -0.15409
0.305119 -0.33405
0.303165 -0.521638
0.301134 -0.721767
0.299181 -0.925902
0.297228 -1.11092
0.295197 -1.33975
0.293243 -1.56272
0.29129 -1.79952
0.289259 -2.05086
0.287306 -2.30311
0.285275 -2.57262
0.283321 -2.81805
0.281368 -3.13872
0.279337 -3.42893
0.277384 -3.72972
0.275352 -4.04553
0.273399 -4.36482
0.271446 -4.71815
0.269415 -5.08503
0.267462 -5.43866
0.26543 -5.84669
0.263477 -6.21738
0.261524 -6.18722
0.259493 -6.94731
0.25754 -7.3159
0.255587 -7.78273
0.253555 -8.24574
0.251602 -8.74833
0.249571 -9.26283
0.247618 -9.78831
0.245665 -10.3143
0.243634 -10.854
0.241681 -11.4129
0.23965 -11.9966
0.237697 -12.5869
0.235744 -13.1672
0.233712 -13.7966
0.231759 -14.4346
0.229728 -15.0812
0.227775 -15.7488
0.225821 -16.4045
0.22379 -17.0873
0.221837 -17.7968
0.219806 -18.4792
0.217853 -19.1558
0.215899 -19.8921
0.213868 -20.634
0.211915 -21.3941
0.209962 -22.1065
0.207931 -22.9166
0.205977 -23.6705
0.203946 -24.4587
0.201993 -25.2298
0.20004 -26.0099
0.198009 -26.8158
0.196055 -27.592
0.194024 -28.365
0.192071 -29.2076
0.190118 -29.9815
0.188087 -30.785
0.186133 -31.5555
0.184102 -32.3771
0.182149 -33.1487
0.180196 -33.9283
0.178164 -34.6402
0.176211 -35.4022
0.17418 -36.1842
0.172227 -36.9243
0.170274 -37.6538
0.168242 -38.3657
0.166289 -39.081
0.164336 -39.8015
0.162305 -40.4739
0.160352 -41.1324
0.158321 -41.7833
0.156368 -42.3865
0.154415 -43.0364
0.152384 -43.6358
0.150431 -44.2294
0.148399 -44.7859
0.146446 -45.2909
0.144493 -45.8617
0.142462 -46.3514
0.140509 -46.812
0.138477 -47.2063
0.136524 -47.5926
0.134571 -48.067
0.13254 -48.4418
0.130587 -48.8114
0.128633 -49.1366
0.126602 -49.448
0.124649 -49.7574
0.122618 -50.0302
0.120665 -50.25
0.118711 -50.498
0.11668 -50.6806
0.114727 -50.8861
0.112696 -51.0349
0.110743 -51.1956
0.108789 -51.3029
0.106758 -51.3911
0.104805 -51.4574
0.102774 -51.5446
0.100821 -51.5766
0.0988674 -51.5675
0.0968361 -51.5561
0.094883 -51.5585
0.0928516 -51.5523
0.0908985 -51.5098
0.0889454 -51.4373
0.0869141 -51.3529
0.0849609 -51.2857
0.0830078 -51.1727
0.0809765 -51.0687
0.0790234 -50.9409
0.076993 -50.8213
0.0750389 -50.6811
0.0730858 -50.5127
0.0710554 -50.3635
0.0691023 -50.1985
0.067071 -50.024
0.0651178 -49.8394
0.0631647 -49.6292
0.0611334 -49.4546
0.0591803 -49.1962
0.0571489 -49.0074
0.0551958 -48.8033
0.0532427 -48.5935
0.0512114 -48.3694
0.0492582 -48.1519
0.0472269 -47.9173
0.0452738 -47.7085
0.0433207 -47.4557
0.0412893 -47.2369
0.0393362 -46.9913
0.0373831 -46.7772
0.0353518 -46.5459
0.0333986 -46.307
0.0313673 -46.05
0.0294142 -45.8388
0.0274611 -45.5937
0.0254297 -45.3662
0.0234766 -45.1173
0.0214453 -44.8922
0.0194921 -44.6343
0.017539 -44.4187
0.0155077 -44.1832
0.0135546 -43.9619
0.0115232 -43.7283
0.00957012 -43.4994
0.007617 -43.2748
0.00558567 -43.0488
0.00363255 -42.8204
0.00167942 -42.5986
-0.000351906 -42.3669
-0.00230503 -42.1743
-0.00433636 -41.9697
-0.00628948 -41.7403
-0.00824261 -41.531
-0.010273 -41.3126
-0.0122261 -41.1238
-0.0142574 -40.9116
-0.0162106 -40.7066
-0.0181637 -40.5106
-0.020195 -40.2764
-0.0221481 -40.0981
-0.0241795 -39.9169
-0.0261326 -39.7114
-0.0280857 -39.5297
-0.030117 -39.3352
-0.0320702 -39.154
-0.0341015 -38.9618
-0.0360546 -38.792
-0.0380077 -38.6032
-0.0400391 -38.422
-0.0419922 -38.2418
-0.0439453 -38.0792
-0.0459766 -37.9108
-0.0479298 -37.7478
-0.0499611 -37.5713
-0.0519142 -37.4178
-0.0538673 -37.2428
-0.0558987 -37.0883
-0.0578518 -36.9138
-0.0598831 -36.7531
-0.0618362 -36.6086
-0.0637894 -36.4503
-0.0658207 -36.3015
-0.0677738 -36.1465
-0.0698051 -36.0083
-0.0717583 -35.8609
-0.0737114 -35.7064
-0.0757427 -35.571
-0.0776958 -35.4284
-0.0797272 -35.2911
-0.0816803 -35.1557
-0.0836334 -35.0117
-0.0856647 -34.8882
-0.0876179 -34.7527
-0.089571 -34.6207
-0.0916023 -34.4919
-0.0935555 -34.3689
-0.0955858 -34.243
-0.0975389 -34.1081
-0.0994921 -33.9702
-0.0975389 -33.1425
-0.0955858 -32.585
-0.0935555 -32.1354
-0.0916023 -31.7596
-0.089571 -31.3996
-0.0876179 -31.0658
-0.0856647 -30.7564
-0.0836334 -30.4641
-0.0816803 -30.1923
-0.0797272 -29.9209
-0.0776958 -29.6677
-0.0757427 -29.4241
-0.0737114 -29.1818
-0.0717583 -28.9553
-0.0698051 -28.726
-0.0677738 -28.4952
-0.0658207 -28.2839
-0.0637894 -28.0679
-0.0618362 -27.8724
-0.0598831 -27.6574
-0.0578518 -27.4614
-0.0558987 -27.2792
-0.0538673 -27.0732
-0.0519142 -26.8935
-0.0499611 -26.6946
-0.0479298 -26.5177
-0.0459766 -26.3423
-0.0439453 -26.1468
-0.0419922 -25.9603
-0.0400391 -25.7972
-0.0380077 -25.6251
-0.0360546 -25.4563
-0.0341015 -25.2841
-0.0320702 -25.1115
-0.030117 -24.9485
-0.0280857 -24.7911
-0.0261326 -24.6256
-0.0241795 -24.4726
-0.0221481 -24.299
-0.020195 -24.1374
-0.0181637 -24.0096
-0.0162106 -23.8379
-0.0142574 -23.6824
-0.0122261 -23.5346
-0.010273 -23.3639
-0.00824261 -23.2309
-0.00628948 -23.075
-0.00433636 -22.9233
-0.00230503 -22.7655
-0.000351906 -22.6077
0.00167942 -22.4684
0.00363255 -22.3182
0.00558567 -22.1656
0.007617 -22.0288
0.00957012 -21.8676
0.0115232 -21.7284
0.0135546 -21.5867
0.0155077 -21.4399
0.017539 -21.2973
0.0194921 -21.139
0.0214453 -21.0145
0.0234766 -20.8591
0.0254297 -20.7232
0.0274611 -20.5644
0.0294142 -20.4156
0.0313673 -20.2664
0.0333986 -20.1248
0.0353518 -19.9769
0.0373831 -19.8234
0.0393362 -19.6665
0.0412893 -19.5368
0.0433207 -19.3742
0.0452738 -19.2393
0.0472269 -19.0705
0.0492582 -18.9288
0.0512114 -18.7696
0.0532427 -18.6156
0.0551958 -18.4644
0.0571489 -18.3008
0.0591803 -18.1392
0.0611334 -18.0071
0.0631647 -17.8297
0.0651178 -17.6695
0.067071 -17.5074
0.0691023 -17.3348
0.0710554 -17.165
0.0730858 -16.9876
0.0750389 -16.8222
0.076993 -16.6438
0.0790234 -16.4617
0.0809765 -16.2919
0.0830078 -16.1055
0.0849609 -15.9186
0.0869141 -15.7269
0.0889454 -15.5271
0.0908985 -15.3444
0.0928516 -15.1275
0.094883 -14.9134
0.0968361 -14.7112
0.0988674 -14.5119
0.100821 -14.3054
0.102774 -14.0861
0.104805 -13.8367
0.106758 -13.6207
0.108789 -13.3875
0.110743 -13.1352
0.112696 -12.8811
0.114727 -12.6222
0.11668 -12.3537
0.118711 -12.1043
0.120665 -11.8206
0.122618 -11.554
0.124649 -11.2532
0.126602 -10.959
0.128633 -10.6504
0.130587 -10.35
0.13254 -10.0205
0.134571 -9.68436
0.136524 -9.32482
0.138477 -9.01249
0.140509 -8.69397
0.142462 -8.32108
0.144493 -7.94676
0.146446 -7.53239
0.148399 -7.16713
0.150431 -6.75132
0.152384 -6.33218
0.154415 -5.90637
0.156368 -5.45527
0.158321 -5.02231
0.160352 -4.58219
0.162305 -4.10296
0.164336 -3.62946
0.166289 -3.13021
0.168242 -2.62285
0.170274 -2.11884
0.172227 -1.60861
0.17418 -1.0717
0.176211 -0.521421
0.178164 0.0317097
0.180196 0.555754
0.182149 1.13178
0.184102 1.07339
0.186133 2.11528
0.188087 2.65115
0.190118 3.29598
0.192071 3.91497
0.194024 4.59198
0.196055 5.21144
0.198009 5.8702
0.20004 6.25
0.201993 6.62115
0.203946 7.62108
0.205977 8.27054
0.207931 8.94288
0.209962 9.70057
0.211915 10.35
0.213868 11.0729
0.215899 11.7696
0.217853 12.4772
0.219806 13.1324
0.221837 13.8176
0.22379 14.5343
0.225821 15.2515
0.227775 15.9271
0.229728 16.6333
0.231759 17.3333
0.233712 18.0352
0.235744 18.7214
0.237697 19.3756
0.23965 20.0537
0.241681 20.7365
0.243634 21.3807
0.245665 22.0326
0.247618 22.6749
0.249571 23.3158
0.251602 23.9628
0.253555 24.5889
0.255587 25.1716
0.25754 25.7715
0.259493 26.3222
0.261524 26.8892
0.263477 27.4781
0.26543 27.9945
0.267462 28.5572
0.269415 29.0464
0.271446 29.5681
0.273399 30.0802
0.275352 30.5399
0.277384 30.9795
0.279337 31.4158
0.281368 31.8335
0.283321 32.2985
0.285275 32.6341
0.287306 33.0204
0.289259 33.3628
0.29129 33.7161
0.293243 34.0442
0.295197 34.3193
0.297228 34.5878
0.299181 34.8119
0.301134 35.0665
0.303165 35.3049
0.305119 35.5104
0.30715 35.694
0.309103 35.8704
0.311056 36.0092
0.313087 36.1751
0.315041 36.2805
0.317072 36.364
0.319025 36.4355
0.320978 36.4975
0.323009 36.5538
0.324963 36.5771
0.326994 36.5824
0.328947 36.5762
0.3309 36.5628
0.332931 36.5294
0.334884 36.4708
0.336915 36.4107
0.338868 36.2996
0.340821 36.2381
0.342853 36.1217
0.344806 36.013
0.346759 35.9005
0.34879 35.7546
0.350743 35.6115
0.352775 35.4499
0.354728 35.2677
0.356681 35.1166
0.358712 34.9096
0.360665 34.7308
0.362697 34.5272
0.36465 34.3298
0.366603 34.1176
0.368634 33.8968
0.370587 33.6765
0.372619 33.4657
0.374572 33.2149
0.376525 32.9922
0.378556 32.7233
0.380509 32.4916
0.382541 32.2474
0.384494 31.9966
0.386447 31.7677
0.388478 31.5269
0.390431 31.279
0.392385 31.0148
0.394416 30.7602
0.396369 30.5165
0.3984 30.2709
0.400353 30.0249
0.402307 29.7664
0.404338 29.5213
0.406291 29.2758
0.408322 29.0331
0.410275 28.8032
0.412229 28.5443
0.414259 28.3011
0.416212 28.0613
0.418243 27.8205
0.420197 27.5944
0.42215 27.3532
0.424181 27.1219
0.426134 26.8911
0.428087 26.6722
0.430119 26.4639
0.432072 26.2183
0.434103 26.0061
0.436056 25.7915
0.438009 25.5745
0.440041 25.3719
0.441994 25.1525
0.444025 24.947
0.445978 24.7482
0.447931 24.5408
0.449963 24.351
0.451916 24.1455
0.453947 23.9552
0.4559 23.7711
0.457853 23.5842
0.459885 23.3825
0.461838 23.2018
0.463869 23.0244
0.465822 22.8494
0.467775 22.6773
0.469807 22.5037
0.47176 22.3316
0.473713 22.1613
0.475744 21.9983
0.477697 21.8366
0.479729 21.6764
0.481682 21.5157
0.483635 21.365
0.485666 21.2067
0.487619 21.0608
0.489651 20.9049
0.491604 20.7532
0.493557 20.614
0.495588 20.4657
0.497541 20.3293
0.499572 20.1791
0.501525 20.0465
0.503478 19.9197
0.505509 19.7724
0.507463 19.6484
0.509494 19.5158
0.511447 19.3876
0.5134 19.2602
0.515431 19.1396
0.517385 19.0142
0.519338 18.9002
0.521369 18.772
0.523322 18.658
0.525353 18.5383
0.527307 18.431
0.52926 18.3075
0.531291 18.1978
0.533244 18.091
0.535275 17.9895
0.537229 17.8741
0.539182 17.753
0.541213 17.6557
0.543166 17.5574
0.545197 17.453
0.547151 17.3586
0.549104 17.2537
0.551135 17.1622
0.553088 17.0654
0.555041 16.9686
0.557073 16.8746
0.559026 16.7754
0.561057 16.692
0.56301 16.5985
0.564963 16.5103
0.566995 16.4297
0.568948 16.3282
0.570979 16.2452
0.572932 16.1617
0.574885 16.084
0.576917 16.001
0.57887 15.9076
0.580901 15.8327
0.582854 15.7564
0.584807 15.673
0.586838 15.5953
0.588791 15.5156
0.590822 15.4403
0.592775 15.3692
0.594728 15.2934
0.59676 15.2176
0.598713 15.1456
0.600666 15.0755
0.602697 15.0006
0.60465 14.9391
0.606682 14.8633
0.608635 14.8008
0.610588 14.7341
0.612619 14.663
0.614573 14.5949
0.616604 14.5343
0.618557 14.4613
0.62051 14.3979
0.622541 14.3321
0.624495 14.2754
0.626526 14.2077
0.628479 14.1509
0.630432 14.0985
0.632463 14.0303
0.634417 13.9707
0.636448 13.9144
0.638401 13.8524
0.640354 13.8047
0.642385 13.737
0.644339 13.685
0.646292 13.6293
0.648323 13.5778
0.650276 13.5305
0.652308 13.4652
0.654261 13.4113
0.656214 13.3679
0.658245 13.3164
0.660198 13.263
0.66223 13.213
0.664183 13.1634
0.666136 13.1176
0.668166 13.0632
0.67012 13.0198
0.672151 12.9664
0.674104 12.9273
0.676057 12.8792
0.678088 12.8301
0.680041 12.7919
0.681994 12.7485
0.684026 12.698
0.685979 12.6527
0.68801 12.6107
0.689963 12.5702
0.691916 12.5254
0.693948 12.4877
0.695901 12.4505
0.697932 12.3995
0.699885 12.3675
0.697932 12.0047
0.695901 11.801
0.693948 11.6327
0.691916 11.484
