0.689963 9.38539
0.68801 9.26426
0.685979 9.15936
0.684026 9.05207
0.681994 8.96338
0.680041 8.86467
0.678088 8.77551
0.676057 8.69826
0.674104 8.61624
0.672151 8.53661
0.67012 8.45173
0.668166 8.37592
0.666136 8.30725
0.664183 8.23239
0.66223 8.17135
0.660198 8.09219
0.658245 8.02925
0.656214 7.96345
0.654261 7.8924
0.652308 7.83327
0.650276 7.77557
0.648323 7.70548
0.646292 7.65017
0.644339 7.59295
0.642385 7.53096
0.640354 7.47612
0.638401 7.42462
0.636448 7.36263
0.634417 7.30923
0.632463 7.2501
0.630432 7.19812
0.628479 7.14758
0.626526 7.09417
0.624495 7.04792
0.622541 6.99451
0.62051 6.94349
0.618557 6.89152
0.616604 6.85766
0.614573 6.80091
0.612619 6.74798
0.610588 6.70125
0.608635 6.66168
0.606682 6.61161
0.60465 6.56488
0.602697 6.51481
0.600666 6.47523
0.598713 6.42564
0.59676 6.38607
0.594728 6.33314
0.592775 6.30119
0.590822 6.25255
0.588791 6.2063
0.586838 6.16958
0.584807 6.1219
0.582854 6.08089
0.580901 6.04179
0.57887 5.99887
0.576917 5.96693
0.574885 5.92067
0.572932 5.88062
0.570979 5.83627
0.568948 5.80528
0.566995 5.76475
0.564963 5.71992
0.56301 5.68416
0.561057 5.64363
0.559026 5.605
0.557073 5.57067
0.555041 5.53205
0.553088 5.49342
0.551135 5.45718
0.549104 5.4219
0.547151 5.3847
0.545197 5.3456
0.543166 5.31079
0.541213 5.27598
0.539182 5.23498
0.537229 5.20303
0.535275 5.17394
0.533244 5.1253
0.531291 5.09336
0.52926 5.06236
0.527307 5.03137
0.525353 4.98797
0.523322 4.9565
0.521369 4.92599
0.519338 4.89356
0.517385 4.85494
0.515431 4.82108
0.5134 4.78532
0.511447 4.75814
0.509494 4.71999
0.507463 4.68709
0.505509 4.65371
0.503478 4.6313
0.501525 4.586
0.499572 4.55358
0.497541 4.52163
0.495588 4.48348
0.493557 4.45964
0.491604 4.42149
0.489651 4.39384
0.487619 4.35616
0.485666 4.32374
0.483635 4.29417
0.481682 4.25745
0.479729 4.2236
0.477697 4.19213
0.475744 4.15446
0.473713 4.13538
0.47176 4.10344
0.469807 4.06147
0.467775 4.03286
0.465822 3.99043
0.463869 3.96992
0.461838 3.93702
0.459885 3.9065
0.457853 3.87217
0.4559 3.83879
0.453947 3.81018
0.451916 3.77537
0.449963 3.74438
0.447931 3.70385
0.445978 3.67333
0.444025 3.63804
0.441994 3.60943
0.440041 3.57415
0.438009 3.53981
0.436056 3.50358
0.434103 3.47401
0.432072 3.43777
0.430119 3.40916
0.428087 3.36911
0.426134 3.33573
0.424181 3.2971
0.42215 3.27136
0.420197 3.23416
0.418243 3.19506
0.416212 3.16359
0.414259 3.13021
0.412229 3.09254
0.410275 3.05582
0.408322 3.00957
0.406291 2.97142
0.404338 2.93804
0.402307 2.89608
0.400353 2.85793
0.3984 2.82122
0.396369 2.7845
0.394416 2.73872
0.392385 2.69438
0.390431 2.65575
0.388478 2.61189
0.386447 2.56563
0.384494 2.51509
0.382541 2.47122
0.380509 2.42592
0.378556 2.37442
0.376525 2.34104
0.374572 2.28477
0.372619 2.23614
0.370587 2.18369
0.368634 2.1298
0.366603 2.06591
0.36465 2.01822
0.362697 1.95099
0.360665 1.89138
0.358712 1.82748
0.356681 1.77551
0.354728 1.70398
0.352775 1.63341
0.350743 1.56188
0.34879 1.49417
0.346759 1.41931
0.344806 1.33491
0.342853 1.25909
0.340821 1.17755
0.338868 1.08171
0.336915 1.00828
0.334884 0.910048
0.332931 0.817065
0.3309 0.917605
0.328947 0.619867
0.326994 0.579431
0.324963 0.457217
0.323009 0.332047
0.320978 0.196196
0.319025 0.0661139
0.317072 -0.0673537
0.315041 -0.20969
0.313087 -0.352837
0.311056 -0.50738
0.309103 -0.673082
0.30715 -0.837115
0.305119 -1.01207
0.303165 -1.18196
0.301134 -1.3778
0.299181 -1.56758
0.297228 -1.75522
0.295197 -1.9554
0.293243 -2.17312
0.29129 -2.40372
0.289259 -2.65587
0.287306 -2.90693
0.285275 -3.15756
0.283321 -3.40599
0.281368 -3.71536
0.279337 -3.98993
0.277384 -4.29677
0.275352 -4.59771
0.273399 -4.92024
0.271446 -5.26533
0.269415 -5.62286
0.267462 -5.97186
0.26543 -5.92735
0.263477 -6.63831
0.261524 -7.00405
0.259493 -7.42701
0.25754 -7.85568
0.255587 -8.32108
0.253555 -8.78123
0.251602 -9.27094
0.249571 -9.77973
0.247618 -10.2933
0.245665 -10.8149
0.243634 -11.3466
0.241681 -11.8979
0.23965 -12.4805
0.237697 -13.0671
0.235744 -13.6474
0.233712 -14.2682
0.231759 -14.91
0.229728 -15.5461
0.227775 -16.2228
0.225821 -16.8746
0.22379 -17.5675
0.221837 -18.2675
0.219806 -18.9441
0.217853 -19.625
0.215899 -20.3656
0.213868 -21.0913
0.211915 -21.8676
0.209962 -22.5771
0.207931 -23.3887
0.205977 -24.145
0.203946 -24.9361
0.201993 -25.7076
0.20004 -26.4915
0.198009 -27.2945
0.196055 -28.0818
0.194024 -28.8643
0.192071 -29.7049
0.190118 -30.4745
0.188087 -31.288
0.186133 -32.0681
0.184102 -32.8931
0.182149 -33.6722
0.180196 -34.4528
0.178164 -35.1805
0.176211 -35.9506
0.17418 -36.7431
0.172227 -37.4965
0.170274 -38.2246
0.168242 -38.9442
0.166289 -39.6613
0.164336 -40.3885
0.162305 -41.0709
0.160352 -41.7375
0.158321 -42.4027
0.156368 -43.0187
0.154415 -43.6739
0.152384 -44.2757
0.150431 -44.8818
0.148399 -45.4444
0.146446 -45.9685
0.144493 -46.5311
0.142462 -47.0404
0.140509 -47.5191
0.138477 -47.9173
0.136524 -48.3007
0.134571 -48.7904
0.13254 -49.1747
0.130587 -49.5533
0.128633 -49.8843
0.126602 -50.2128
0.124649 -50.5313
0.122618 -50.8198
0.120665 -51.0416
0.118711 -51.2919
0.11668 -51.4822
0.114727 -51.691
0.112696 -51.856
0.110743 -52.0234
0.108789 -52.1373
0.106758 -52.2389
0.104805 -52.3123
0.102774 -52.4067
0.100821 -52.4387
0.0988674 -52.4282
0.0968361 -52.4411
0.094883 -52.4454
0.0928516 -52.4282
0.0908985 -52.3972
0.0889454 -52.339
0.0869141 -52.2709
0.0849609 -52.1917
0.0830078 -52.0911
0.0809765 -51.9867
0.0790234 -51.866
0.076993 -51.7449
0.0750389 -51.608
0.0730858 -51.4483
0.0710554 -51.311
0.0691023 -51.1412
0.067071 -50.9662
0.0651178 -50.7836
0.0631647 -50.5762
0.0611334 -50.4059
0.0591803 -50.1575
0.0571489 -49.9649
0.0551958 -49.7546
0.0532427 -49.5419
0.0512114 -49.3297
0.0492582 -49.1037
0.0472269 -48.8805
0.0452738 -48.6721
0.0433207 -48.4275
0.0412893 -48.1901
0.0393362 -47.9574
0.0373831 -47.7409
0.0353518 -47.5091
0.0333986 -47.2598
0.0313673 -47.0213
0.0294142 -46.7967
0.0274611 -46.564
0.0254297 -46.3199
0.0234766 -46.0829
0.0214453 -45.855
0.0194921 -45.5956
0.017539 -45.3743
0.0155077 -45.145
0.0135546 -44.9123
0.0115232 -44.6867
0.00957012 -44.444
0.007617 -44.2194
0.00558567 -43.992
0.00363255 -43.7855
0.00167942 -43.549
-0.000351906 -43.3153
-0.00230503 -43.1232
-0.00433636 -42.9086
-0.00628948 -42.6959
-0.00824261 -42.4771
-0.010273 -42.252
-0.0122261 -42.0579
-0.0142574 -41.861
-0.0162106 -41.6426
-0.0181637 -41.4356
-0.020195 -41.2053
-0.0221481 -41.0432
-0.0241795 -40.8463
-0.0261326 -40.6312
-0.0280857 -40.4562
-0.030117 -40.254
-0.0320702 -40.0752
-0.0341015 -39.8878
-0.0360546 -39.7076
-0.0380077 -39.5297
-0.0400391 -39.3433
-0.0419922 -39.1625
-0.0439453 -39.0004
-0.0459766 -38.8245
-0.0479298 -38.6609
-0.0499611 -38.4764
-0.0519142 -38.3247
-0.0538673 -38.1483
-0.0558987 -37.9967
-0.0578518 -37.8231
-0.0598831 -37.6529
-0.0618362 -37.5003
-0.0637894 -37.352
-0.0658207 -37.2013
-0.0677738 -37.0463
-0.0698051 -36.8957
-0.0717583 -36.7512
-0.0737114 -36.5924
-0.0757427 -36.4574
-0.0776958 -36.3101
-0.0797272 -36.1718
-0.0816803 -36.0369
-0.0836334 -35.8895
-0.0856647 -35.7679
-0.0876179 -35.6263
-0.089571 -35.4957
-0.0916023 -35.3741
-0.0935555 -35.2372
-0.0955858 -35.1046
-0.0975389 -34.9754
-0.0994921 -34.8333
-0.0975389 -33.9989
-0.0955858 -33.4367
-0.0935555 -32.9861
-0.0916023 -32.5912
-0.089571 -32.226
-0.0876179 -31.8989
-0.0856647 -31.5961
-0.0836334 -31.2823
-0.0816803 -31.0196
-0.0797272 -30.7378
-0.0776958 -30.4817
-0.0757427 -30.2414
-0.0737114 -29.9844
-0.0717583 -29.7636
-0.0698051 -29.5204
-0.0677738 -29.2939
-0.0658207 -29.0807
-0.0637894 -28.8652
-0.0618362 -28.6549
-0.0598831 -28.4399
-0.0578518 -28.2453
-0.0558987 -28.0512
-0.0538673 -27.8481
-0.0519142 -27.6617
-0.0499611 -27.4671
-0.0479298 -27.2869
-0.0459766 -27.0971
-0.0439453 -26.9221
-0.0419922 -26.7285
-0.0400391 -26.5511
-0.0380077 -26.3785
-0.0360546 -26.2059
-0.0341015 -26.0347
-0.0320702 -25.8635
-0.030117 -25.6966
-0.0280857 -25.5364
-0.0261326 -25.3562
-0.0241795 -25.2045
-0.0221481 -25.0333
-0.020195 -24.8717
-0.0181637 -24.7329
-0.0162106 -24.5689
-0.0142574 -24.4087
-0.0122261 -24.2527
-0.010273 -24.0868
-0.00824261 -23.9385
-0.00628948 -23.7788
-0.00433636 -23.6281
-0.00230503 -23.4712
-0.000351906 -23.3105
0.00167942 -23.1684
0.00363255 -23.0239
0.00558567 -22.8666
0.007617 -22.7273
0.00957012 -22.57
0.0115232 -22.4222
0.0135546 -22.2639
0.0155077 -22.1208
0.017539 -21.9725
0.0194921 -21.8218
0.0214453 -21.6916
0.0234766 -21.5338
0.0254297 -21.3798
0.0274611 -21.2305
0.0294142 -21.0799
0.0313673 -20.9311
0.0333986 -20.7866
0.0353518 -20.6331
0.0373831 -20.4891
0.0393362 -20.3255
0.0412893 -20.1729
0.0433207 -20.0208
0.0452738 -19.8758
0.0472269 -19.7104
0.0492582 -19.5726
0.0512114 -19.4071
0.0532427 -19.2364
0.0551958 -19.0867
0.0571489 -18.9303
0.0591803 -18.7581
0.0611334 -18.6284
0.0631647 -18.4444
0.0651178 -18.2875
0.067071 -18.1101
0.0691023 -17.9442
0.0710554 -17.7701
0.0730858 -17.5846
0.0750389 -17.4158
0.076993 -17.228
0.0790234 -17.041
0.0809765 -16.8694
0.0830078 -16.6715
0.0849609 -16.4893
0.0869141 -16.2914
0.0889454 -16.095
0.0908985 -15.9023
0.0928516 -15.6878
0.094883 -15.4794
0.0968361 -15.2772
0.0988674 -15.0555
0.100821 -14.8442
0.102774 -14.6287
0.104805 -14.3793
0.106758 -14.1519
0.108789 -13.9087
0.110743 -13.666
0.112696 -13.4061
0.114727 -13.1496
0.11668 -12.8649
0.118711 -12.6126
0.120665 -12.326
0.122618 -12.0438
0.124649 -11.7481
0.126602 -11.4463
0.128633 -11.1397
0.130587 -10.824
0.13254 -10.4998
0.134571 -10.1693
0.136524 -9.78688
0.138477 -9.48218
0.140509 -9.14839
0.142462 -8.77598
0.144493 -8.39451
0.146446 -7.98491
0.148399 -7.60916
0.150431 -7.19479
0.152384 -6.76944
0.154415 -6.33695
0.156368 -5.88205
0.158321 -5.45527
0.160352 -4.99322
0.162305 -4.51877
0.164336 -4.04049
0.166289 -3.53695
0.168242 -3.03627
0.170274 -2.53082
0.172227 -2.01012
0.17418 -1.46604
0.176211 -0.917678
0.178164 -0.361681
0.180196 0.159979
0.182149 0.732665
0.184102 1.32156
0.186133 1.94479
0.188087 2.53178
0.190118 3.15405
0.192071 3.75821
0.194024 4.4172
0.196055 5.03327
0.198009 5.67081
0.20004 6.33123
0.201993 6.97735
0.203946 7.63491
0.205977 8.31202
0.207931 8.96767
0.209962 9.69724
0.211915 10.3271
0.213868 11.0343
0.215899 11.7071
0.217853 12.3981
0.219806 13.0413
0.221837 13.7117
0.22379 14.4156
0.225821 15.1189
0.227775 15.7984
0.229728 16.4936
0.231759 17.1726
0.233712 17.8698
0.235744 18.5445
0.237697 19.2035
0.23965 19.8606
0.241681 20.5234
0.243634 21.1685
0.245665 21.8047
0.247618 22.4369
0.249571 23.0778
0.251602 23.6991
0.253555 24.3219
0.255587 24.9027
0.25754 25.4901
0.259493 26.0414
0.261524 26.5912
0.263477 27.1667
0.26543 27.6803
0.267462 28.2358
0.269415 28.7226
0.271446 29.2362
0.273399 29.7288
0.275352 30.1799
0.277384 30.619
0.279337 31.0467
0.281368 31.4549
0.283321 31.9008
0.285275 32.2303
0.287306 32.6027
0.289259 32.9312
0.29129 33.2869
0.293243 33.604
0.295197 33.8801
0.297228 34.1386
0.299181 34.3393
0.301134 34.5849
0.303165 34.8224
0.305119 35.0131
0.30715 35.1924
0.309103 35.365
0.311056 35.4999
0.313087 35.6482
0.315041 35.7346
0.317072 35.8161
0.319025 35.8771
0.320978 35.942
0.323009 35.9782
0.324963 36.004
0.326994 35.9954
0.328947 35.9877
0.3309 35.9725
0.332931 35.9258
0.334884 35.8604
0.336915 35.7989
0.338868 35.6678
0.340821 35.6006
0.342853 35.4799
0.344806 35.3612
0.346759 35.2444
0.34879 35.098
0.350743 34.9444
0.352775 34.7837
0.354728 34.6011
0.356681 34.4466
0.358712 34.2234
0.360665 34.0432
0.362697 33.842
0.36465 33.635
0.366603 33.4214
0.368634 33.1959
0.370587 32.9646
0.372619 32.7505
0.374572 32.503
0.376525 32.2698
0.378556 31.999
0.380509 31.7668
0.382541 31.5322
0.384494 31.2814
0.386447 31.0382
0.388478 30.7988
0.390431 30.5465
0.392385 30.2905
0.394416 30.0368
0.396369 29.7908
0.3984 29.5418
0.400353 29.2939
0.402307 29.0312
0.404338 28.7889
0.406291 28.5505
0.408322 28.2997
0.410275 28.0593
0.412229 27.8085
0.414259 27.563
0.416212 27.325
0.418243 27.0766
0.420197 26.8587
0.42215 26.6193
0.424181 26.3842
0.426134 26.1606
0.428087 25.9326
0.430119 25.7314
0.432072 25.4811
0.434103 25.2732
0.436056 25.0553
0.438009 24.8478
0.440041 24.6423
0.441994 24.4306
0.444025 24.2141
0.445978 24.0253
0.447931 23.8198
0.449963 23.6281
0.451916 23.4202
0.453947 23.2342
0.4559 23.0406
0.457853 22.8642
0.459885 22.6639
0.461838 22.488
0.463869 22.3077
0.465822 22.1418
0.467775 21.9596
0.469807 21.7951
0.47176 21.622
0.473713 21.4475
0.475744 21.2825
0.477697 21.1299
0.479729 20.9645
0.481682 20.8081
0.483635 20.6564
0.485666 20.5015
0.487619 20.3541
0.489651 20.2015
0.491604 20.0504
0.493557 19.9192
0.495588 19.7662
0.497541 19.6284
0.499572 19.4834
0.501525 19.3504
0.503478 19.2226
0.505509 19.0838
0.507463 18.9584
0.509494 18.8254
0.511447 18.6971
0.5134 18.5726
0.515431 18.4596
0.517385 18.3352
0.519338 18.2102
0.521369 18.0844
0.523322 17.978
0.525353 17.8545
0.527307 17.7491
0.52926 17.6328
0.531291 17.5207
0.533244 17.4134
0.535275 17.3109
0.537229 17.2022
0.539182 17.0782
0.541213 16.99
0.543166 16.8832
0.545197 16.7902
0.547151 16.691
0.549104 16.589
0.551135 16.496
0.553088 16.3935
0.555041 16.3062
0.557073 16.2142
0.559026 16.1155
0.561057 16.0278
0.56301 15.9391
0.564963 15.8518
0.566995 15.7669
0.568948 15.6711
0.570979 15.5886
0.572932 15.5066
0.574885 15.4255
0.576917 15.3497
0.57887 15.2557
0.580901 15.1814
0.582854 15.0974
0.584807 15.025
0.586838 14.9558
0.588791 14.8714
0.590822 14.7923
0.592775 14.726
0.594728 14.6473
0.59676 14.5815
0.598713 14.5014
0.600666 14.4303
0.602697 14.365
0.60465 14.2963
0.606682 14.231
0.608635 14.1662
0.610588 14.0894
0.612619 14.0255
0.614573 13.964
0.616604 13.9006
0.618557 13.8305
0.62051 13.7651
0.622541 13.7041
0.624495 13.6469
0.626526 13.5811
0.628479 13.5286
0.630432 13.4676
0.632463 13.407
0.634417 13.3484
0.636448 13.2878
0.638401 13.2297
0.640354 13.1839
0.642385 13.1181
0.644339 13.0704
0.646292 13.0117
0.648323 12.9569
0.650276 12.9159
0.652308 12.8539
0.654261 12.7981
0.656214 12.7509
0.658245 12.7023
0.660198 12.647
0.66223 12.6017
0.664183 12.5545
0.666136 12.5125
0.668166 12.451
0.67012 12.4162
0.672151 12.3661
0.674104 12.3199
0.676057 12.2693
0.678088 12.2216
0.680041 12.184
0.681994 12.1391
0.684026 12.0929
0.685979 12.0452
0.68801 12.0118
0.689963 11.9689
0.691916 11.9312
0.693948 11.8931
0.695901 11.8468
0.697932 11.8053
0.699885 11.7681
0.697932 11.4105
0.695901 11.2064
0.693948 11.04
0.691916 10.8927
