0.689963 4.68566
0.68801 4.63035
0.685979 4.57456
0.684026 4.52687
0.681994 4.47728
0.680041 4.43007
0.678088 4.38764
0.676057 4.34615
0.674104 4.30466
0.672151 4.2627
0.67012 4.22455
0.668166 4.18784
0.666136 4.15303
0.664183 4.11393
0.66223 4.07816
0.660198 4.04526
0.658245 4.01045
0.656214 3.98041
0.654261 3.94513
0.652308 3.91366
0.650276 3.88457
0.648323 3.85357
0.646292 3.82067
0.644339 3.79302
0.642385 3.76202
0.640354 3.73723
0.638401 3.70623
0.636448 3.67857
0.634417 3.65092
0.632463 3.62231
0.630432 3.59751
0.628479 3.56938
0.626526 3.54411
0.624495 3.5174
0.622541 3.49261
0.62051 3.46734
0.618557 3.44206
0.616604 3.42061
0.614573 3.39486
0.612619 3.36863
0.610588 3.34527
0.608635 3.32238
0.606682 3.29949
0.60465 3.27374
0.602697 3.25133
0.600666 3.2313
0.598713 3.20841
0.59676 3.18552
0.594728 3.15978
0.592775 3.14166
0.590822 3.11781
0.588791 3.09778
0.586838 3.0768
0.584807 3.05534
0.582854 3.0315
0.580901 3.01243
0.57887 2.99383
0.576917 2.97428
0.574885 2.95139
0.572932 2.9328
0.570979 2.91229
0.568948 2.89274
0.566995 2.87415
0.564963 2.85364
0.56301 2.83409
0.561057 2.81454
0.559026 2.79547
0.557073 2.77973
0.555041 2.75827
0.553088 2.74111
0.551135 2.72108
0.549104 2.70201
0.547151 2.68579
0.545197 2.66481
0.543166 2.64717
0.541213 2.62953
0.539182 2.61189
0.537229 2.59663
0.535275 2.57803
0.533244 2.55896
0.531291 2.5437
0.52926 2.52415
0.527307 2.50746
0.525353 2.48791
0.523322 2.47313
0.521369 2.45358
0.519338 2.44118
0.517385 2.41972
0.515431 2.40637
0.5134 2.3892
0.511447 2.37347
0.509494 2.35582
0.507463 2.34056
0.505509 2.32292
0.503478 2.30909
0.501525 2.28954
0.499572 2.27428
0.497541 2.25998
0.495588 2.24377
0.493557 2.22708
0.491604 2.20991
0.489651 2.19465
0.487619 2.18035
0.485666 2.16413
0.483635 2.14792
0.481682 2.13219
0.479729 2.11454
0.477697 2.10119
0.475744 2.0845
0.473713 2.07067
0.47176 2.05256
0.469807 2.04111
0.467775 2.02251
0.465822 2.00678
0.463869 1.99057
0.461838 1.97531
0.459885 1.95957
0.457853 1.9486
0.4559 1.93001
0.453947 1.91666
0.451916 1.89854
0.449963 1.88328
0.447931 1.86468
0.445978 1.85133
0.444025 1.83416
0.441994 1.81985
0.440041 1.80364
0.438009 1.78838
0.436056 1.7736
0.434103 1.755
0.432072 1.73927
0.430119 1.72639
0.428087 1.70589
0.426134 1.69015
0.424181 1.67442
0.42215 1.65821
0.420197 1.64247
0.418243 1.62435
0.416212 1.61052
0.414259 1.59193
0.412229 1.57524
0.410275 1.55473
0.408322 1.53709
0.406291 1.51945
0.404338 1.50037
0.402307 1.48178
0.400353 1.46318
0.3984 1.44411
0.396369 1.42313
0.394416 1.40262
0.392385 1.38307
0.390431 1.36209
0.388478 1.33968
0.386447 1.31631
0.384494 1.29247
0.382541 1.27149
0.380509 1.24717
0.378556 1.22142
0.376525 1.20092
0.374572 1.17469
0.372619 1.14751
0.370587 1.11893
0.368634 1.08288
0.366603 1.0566
0.36465 1.02466
0.362697 0.992183
0.360665 0.959281
0.358712 0.925425
0.356681 0.893239
0.354728 0.851229
0.352775 0.812844
0.350743 0.773933
0.34879 0.729683
0.346759 0.686338
0.344806 0.639799
0.342853 0.589349
0.340821 0.540711
0.338868 0.485017
0.336915 0.437333
0.334884 0.375821
0.332931 0.318314
0.3309 0.249601
0.328947 0.180221
0.326994 0.110984
0.324963 0.0378847
0.323009 -0.0425577
0.320978 -0.125862
0.319025 -0.213791
0.317072 -0.301386
0.315041 -0.394942
0.313087 -0.497605
0.311056 -0.606563
0.309103 -0.71781
0.30715 -0.837687
0.305119 -0.962762
0.303165 -1.09036
0.301134 -1.23017
0.299181 -1.37356
0.297228 -1.51642
0.295197 -1.66896
0.293243 -1.83562
0.29129 -2.01143
0.289259 -2.20602
0.287306 -2.39557
0.285275 -2.5998
0.283321 -2.7923
0.281368 -3.04078
0.279337 -3.2647
0.277384 -3.50908
0.275352 -3.75451
0.273399 -4.0183
0.271446 -4.30302
0.269415 -4.60333
0.267462 -4.88796
0.26543 -5.21721
0.263477 -5.53193
0.261524 -5.88469
0.259493 -6.22549
0.25754 -6.57489
0.255587 -6.97258
0.253555 -7.35167
0.251602 -7.76508
0.249571 -8.1909
0.247618 -8.63293
0.245665 -9.07544
0.243634 -9.5251
0.241681 -10.0019
0.23965 -10.4955
0.237697 -10.9966
0.235744 -11.4949
0.233712 -12.0204
0.231759 -12.5692
0.229728 -13.1114
0.227775 -13.6793
0.225821 -14.2339
0.22379 -14.8204
0.221837 -15.4098
0.219806 -15.9791
0.217853 -16.5284
0.215899 -17.1402
0.213868 -17.7434
0.211915 -18.3767
0.209962 -18.9417
0.207931 -19.6088
0.205977 -20.2039
0.203946 -20.82
0.201993 -21.4189
0.20004 -22.0259
0.198009 -22.6286
0.196055 -23.2237
0.194024 -23.7878
0.192071 -24.3996
0.190118 -24.9513
0.188087 -25.5245
0.186133 -26.0514
0.184102 -26.6059
0.182149 -27.1219
0.180196 -27.624
0.178164 -28.0617
0.176211 -28.53
0.17418 -28.9987
0.172227 -29.4393
0.170274 -29.8413
0.168242 -30.2252
0.166289 -30.5942
0.164336 -30.9576
0.162305 -31.2775
0.160352 -31.5794
0.158321 -31.8564
0.156368 -32.0963
0.154415 -32.3695
0.152384 -32.5764
0.150431 -32.7791
0.148399 -32.9512
0.146446 -33.0752
0.144493 -33.2331
0.142462 -33.3365
0.140509 -33.4205
0.138477 -33.4405
0.136524 -33.4534
0.134571 -33.5358
0.13254 -33.5387
0.130587 -33.542
0.128633 -33.5111
0.126602 -33.4686
0.124649 -33.4309
0.122618 -33.3709
0.120665 -33.2645
0.118711 -33.1944
0.11668 -33.07
0.114727 -32.9765
0.112696 -32.8516
0.110743 -32.7295
0.108789 -32.5841
0.106758 -32.4372
0.104805 -32.2722
0.102774 -32.1301
0.100821 -31.9599
0.0988674 -31.7711
0.0968361 -31.5946
0.094883 -31.4235
0.0928516 -31.248
0.0908985 -31.0677
0.0889454 -30.8765
0.0869141 -30.6944
0.0849609 -30.5046
0.0830078 -30.3153
0.0809765 -30.1231
0.0790234 -29.9352
0.076993 -29.7478
0.0750389 -29.56
0.0730858 -29.3654
0.0710554 -29.1871
0.0691023 -28.9978
0.067071 -28.8108
0.0651178 -28.6273
0.0631647 -28.4375
0.0611334 -28.2677
0.0591803 -28.0608
0.0571489 -27.891
0.0551958 -27.7122
0.0532427 -27.5439
0.0512114 -27.3717
0.0492582 -27.2039
0.0472269 -27.0303
0.0452738 -26.8735
0.0433207 -26.7037
0.0412893 -26.5444
0.0393362 -26.3761
0.0373831 -26.2254
0.0353518 -26.069
0.0333986 -25.9193
0.0313673 -25.7581
0.0294142 -25.6194
0.0274611 -25.4706
0.0254297 -25.328
0.0234766 -25.1792
0.0214453 -25.0443
0.0194921 -24.896
0.017539 -24.7663
0.0155077 -24.628
0.0135546 -24.5012
0.0115232 -24.3691
0.00957012 -24.2403
0.007617 -24.1173
0.00558567 -23.9919
0.00363255 -23.8656
0.00167942 -23.7473
-0.000351906 -23.6228
-0.00230503 -23.5127
-0.00433636 -23.3973
-0.00628948 -23.2852
-0.00824261 -23.1779
-0.010273 -23.0568
-0.0122261 -22.9553
-0.0142574 -22.8456
-0.0162106 -22.7393
-0.0181637 -22.6353
-0.020195 -22.5233
-0.0221481 -22.4255
-0.0241795 -22.3325
-0.0261326 -22.2281
-0.0280857 -22.1365
-0.030117 -22.0416
-0.0320702 -21.9477
-0.0341015 -21.8504
-0.0360546 -21.7613
-0.0380077 -21.6688
-0.0400391 -21.5848
-0.0419922 -21.4928
-0.0439453 -21.4132
-0.0459766 -21.3278
-0.0479298 -21.2425
-0.0499611 -21.16
-0.0519142 -21.078
-0.0538673 -20.9983
-0.0558987 -20.9206
-0.0578518 -20.8391
-0.0598831 -20.7551
-0.0618362 -20.6841
-0.0637894 -20.6073
-0.0658207 -20.5358
-0.0677738 -20.4585
-0.0698051 -20.3884
-0.0717583 -20.3183
-0.0737114 -20.2435
-0.0757427 -20.1753
-0.0776958 -20.1076
-0.0797272 -20.0394
-0.0816803 -19.9769
-0.0836334 -19.9073
-0.0856647 -19.8444
-0.0876179 -19.7805
-0.089571 -19.7151
-0.0916023 -19.6522
-0.0935555 -19.5888
-0.0955858 -19.5306
-0.0975389 -19.4648
-0.0994921 -19.4033
-0.0975389 -19.0843
-0.0955858 -18.8606
-0.0935555 -18.6632
-0.0916023 -18.5016
-0.089571 -18.3428
-0.0876179 -18.1998
-0.0856647 -18.0648
-0.0836334 -17.9313
-0.0816803 -17.8068
-0.0797272 -17.6852
-0.0776958 -17.5694
-0.0757427 -17.4611
-0.0737114 -17.35
-0.0717583 -17.2451
-0.0698051 -17.1412
-0.0677738 -17.0391
-0.0658207 -16.9423
-0.0637894 -16.8427
-0.0618362 -16.7468
-0.0598831 -16.6524
-0.0578518 -16.5647
-0.0558987 -16.476
-0.0538673 -16.3801
-0.0519142 -16.2957
-0.0499611 -16.2099
-0.0479298 -16.126
-0.0459766 -16.0406
-0.0439453 -15.9586
-0.0419922 -15.8723
-0.0400391 -15.7946
-0.0380077 -15.7164
-0.0360546 -15.6382
-0.0341015 -15.5581
-0.0320702 -15.4789
-0.030117 -15.4026
-0.0280857 -15.3282
-0.0261326 -15.251
-0.0241795 -15.1799
-0.0221481 -15.1046
-0.020195 -15.0264
-0.0181637 -14.9658
-0.0162106 -14.8886
-0.0142574 -14.8151
-0.0122261 -14.747
-0.010273 -14.6649
-0.00824261 -14.6025
-0.00628948 -14.5281
-0.00433636 -14.4599
-0.00230503 -14.3855
-0.000351906 -14.314
0.00167942 -14.2515
0.00363255 -14.1829
0.00558567 -14.1151
0.007617 -14.0446
0.00957012 -13.9735
0.0115232 -13.9115
0.0135546 -13.84
0.0155077 -13.7704
0.017539 -13.6993
0.0194921 -13.6326
0.0214453 -13.5739
0.0234766 -13.4996
0.0254297 -13.4347
0.0274611 -13.3617
0.0294142 -13.295
0.0313673 -13.2206
0.0333986 -13.1543
0.0353518 -13.0866
0.0373831 -13.0165
0.0393362 -12.9393
0.0412893 -12.8735
0.0433207 -12.7991
0.0452738 -12.7314
0.0472269 -12.656
0.0492582 -12.5864
0.0512114 -12.5101
0.0532427 -12.43
0.0551958 -12.357
0.0571489 -12.2822
0.0591803 -12.2025
0.0611334 -12.1382
0.0631647 -12.0514
0.0651178 -11.9751
0.067071 -11.8897
0.0691023 -11.8063
0.0710554 -11.7205
0.0730858 -11.6275
0.0750389 -11.5431
0.076993 -11.4463
0.0790234 -11.3604
0.0809765 -11.266
0.0830078 -11.1702
0.0849609 -11.0748
0.0869141 -10.9699
0.0889454 -10.8693
0.0908985 -10.7634
0.0928516 -10.6528
0.094883 -10.5374
0.0968361 -10.4196
0.0988674 -10.3109
0.100821 -10.1951
0.102774 -10.0682
0.104805 -9.92612
0.106758 -9.80119
0.108789 -9.65909
0.110743 -9.52128
0.112696 -9.36488
0.114727 -9.2142
0.11668 -9.04873
0.118711 -8.89567
0.120665 -8.71686
0.122618 -8.55425
0.124649 -8.36113
0.126602 -8.17088
0.128633 -7.97871
0.130587 -7.78034
0.13254 -7.56815
0.134571 -7.35023
0.136524 -7.09894
0.138477 -6.88961
0.140509 -6.67264
0.142462 -6.41801
0.144493 -6.14765
0.146446 -5.86059
0.148399 -5.5969
0.150431 -5.30555
0.152384 -4.99274
0.154415 -4.68089
0.156368 -4.35282
0.158321 -4.03048
0.160352 -3.6924
0.162305 -3.34145
0.164336 -2.98048
0.166289 -2.59663
0.168242 -2.20753
0.170274 -1.81604
0.172227 -1.41693
0.17418 -0.985866
0.176211 -0.545263
0.178164 -0.10848
0.180196 0.308752
0.182149 0.766044
0.184102 1.23504
0.186133 1.7443
0.188087 2.22186
0.190118 2.72931
0.192071 3.22064
0.194024 3.76634
0.196055 4.26635
0.198009 4.79698
0.20004 5.33571
0.201993 5.86939
0.203946 6.25
0.205977 6.96972
0.207931 7.52714
0.209962 8.11842
0.211915 8.63389
0.213868 9.21277
0.215899 9.76304
0.217853 10.3267
0.219806 10.8388
0.221837 11.3695
0.22379 11.9265
0.225821 12.4844
0.227775 13.0084
0.229728 13.5534
0.231759 14.0756
0.233712 14.6015
0.235744 15.1108
0.237697 15.5843
0.23965 16.0697
0.241681 16.5461
0.243634 17.0057
0.245665 17.432
0.247618 17.866
0.249571 18.2913
0.251602 18.7033
0.253555 19.0829
0.255587 19.4305
0.25754 19.7867
0.259493 20.0876
0.261524 20.3918
0.263477 20.7041
0.26543 20.9611
0.267462 21.2434
0.269415 21.4566
0.271446 21.6907
0.273399 21.901
0.275352 22.0655
0.277384 22.2085
0.279337 22.3535
0.281368 22.4675
0.283321 22.61
0.285275 22.6515
0.287306 22.7283
0.289259 22.7726
0.29129 22.8136
0.293243 22.8375
0.295197 22.8256
0.297228 22.7989
0.299181 22.7331
0.301134 22.6973
0.303165 22.6534
0.305119 22.5752
0.30715 22.497
0.309103 22.404
0.311056 22.2939
0.313087 22.1904
0.315041 22.0583
0.317072 21.9124
0.319025 21.7646
0.320978 21.6173
0.323009 21.4623
0.324963 21.2992
0.326994 21.1256
0.328947 20.9492
0.3309 20.7794
0.332931 20.5944
0.334884 20.4061
0.336915 20.2206
0.338868 20.0065
0.340821 19.8305
0.342853 19.6269
0.344806 19.4333
0.346759 19.2402
0.34879 19.0423
0.350743 18.8449
0.352775 18.6518
0.354728 18.4453
0.356681 18.2636
0.358712 18.05
0.360665 17.865
0.362697 17.67
0.36465 17.4816
0.366603 17.2909
0.368634 17.1045
0.370587 16.918
0.372619 16.7378
0.374572 16.5466
0.376525 16.3716
0.378556 16.1818
0.380509 16.0115
0.382541 15.8418
0.384494 15.6682
0.386447 15.5027
0.388478 15.3382
0.390431 15.1752
0.392385 15.0121
0.394416 14.8562
0.396369 14.6969
0.3984 14.5462
0.400353 14.3927
0.402307 14.241
0.404338 14.0956
0.406291 13.9521
0.408322 13.8124
0.410275 13.6736
0.412229 13.5329
0.414259 13.3966
0.416212 13.264
0.418243 13.129
0.420197 13.0055
0.42215 12.8768
0.424181 12.7533
0.426134 12.6331
0.428087 12.5111
0.430119 12.3985
0.432072 12.2731
0.434103 12.1592
0.436056 12.049
0.438009 11.9408
0.440041 11.8335
0.441994 11.7238
0.444025 11.6198
0.445978 11.5173
0.447931 11.4119
0.449963 11.3128
0.451916 11.2141
0.453947 11.1192
0.4559 11.0195
0.457853 10.9265
0.459885 10.8326
0.461838 10.7425
0.463869 10.6514
0.465822 10.5641
0.467775 10.4769
0.469807 10.3929
0.47176 10.3057
0.473713 10.2241
0.475744 10.1407
0.477697 10.0634
0.479729 9.98239
0.481682 9.90466
0.483635 9.82789
0.485666 9.74969
0.487619 9.67816
0.489651 9.6033
0.491604 9.5313
0.493557 9.46073
0.495588 9.38872
0.497541 9.32053
0.499572 9.24757
0.501525 9.17986
0.503478 9.11931
0.505509 9.04969
0.507463 8.98531
0.509494 8.92046
0.511447 8.85848
0.5134 8.79363
0.515431 8.73402
0.517385 8.67251
0.519338 8.61672
0.521369 8.55616
0.523322 8.49894
0.525353 8.43934
0.527307 8.38498
0.52926 8.32776
0.531291 8.27244
0.533244 8.21713
0.535275 8.16563
0.537229 8.11079
0.539182 8.05595
0.541213 8.00541
0.543166 7.95677
0.545197 7.9067
0.547151 7.85807
0.549104 7.80848
0.551135 7.75841
0.553088 7.71072
0.555041 7.66304
0.557073 7.61822
0.559026 7.56958
0.561057 7.52666
0.56301 7.47946
0.564963 7.43702
0.566995 7.39363
0.568948 7.34642
0.570979 7.30398
0.572932 7.26202
0.574885 7.22006
0.576917 7.18
0.57887 7.13518
0.580901 7.09656
0.582854 7.05555
0.584807 7.01693
0.586838 6.97973
0.588791 6.94063
0.590822 6.89915
0.592775 6.86672
0.594728 6.82571
0.59676 6.78709
0.598713 6.7518
0.600666 6.71651
0.602697 6.68314
0.60465 6.64546
0.606682 6.61066
0.608635 6.57728
0.610588 6.54199
0.612619 6.50909
0.614573 6.47476
0.616604 6.4409
0.618557 6.40562
0.62051 6.3751
0.622541 6.34267
0.624495 6.31025
0.626526 6.28164
0.628479 6.24921
0.630432 6.2187
0.632463 6.18722
0.634417 6.15957
0.636448 6.1281
0.638401 6.09901
0.640354 6.07231
0.642385 6.04322
0.644339 6.01175
0.646292 5.98505
0.648323 5.95644
0.650276 5.93307
0.652308 5.90208
0.654261 5.8768
0.656214 5.84915
0.658245 5.82149
0.660198 5.7986
0.66223 5.77047
0.664183 5.74472
0.666136 5.72088
0.668166 5.69608
0.67012 5.67129
0.672151 5.64744
0.674104 5.62169
0.676057 5.60023
0.678088 5.57734
0.680041 5.55112
0.681994 5.53014
0.684026 5.50582
0.685979 5.48388
0.68801 5.4629
0.689963 5.44288
0.691916 5.42237
0.693948 5.39948
0.695901 5.37946
0.697932 5.35562
0.699885 5.33702
0.697932 5.19206
0.695901 5.09955
0.693948 5.02374
0.691916 4.95269
