0.689963 4.47442
0.68801 4.41815
0.685979 4.36617
0.684026 4.31611
0.681994 4.2689
0.680041 4.22217
0.678088 4.17925
0.676057 4.13538
0.674104 4.09819
0.672151 4.05528
0.67012 4.01713
0.668166 3.97994
0.666136 3.94417
0.664183 3.90746
0.66223 3.87646
0.660198 3.83879
0.658245 3.80684
0.656214 3.77585
0.654261 3.74247
0.652308 3.71005
0.650276 3.67905
0.648323 3.64901
0.646292 3.62088
0.644339 3.59036
0.642385 3.55984
0.640354 3.53409
0.638401 3.5031
0.636448 3.47544
0.634417 3.4516
0.632463 3.42108
0.630432 3.39867
0.628479 3.37054
0.626526 3.34574
0.624495 3.31904
0.622541 3.29234
0.62051 3.26849
0.618557 3.24227
0.616604 3.22176
0.614573 3.19506
0.612619 3.1736
0.610588 3.14738
0.608635 3.12544
0.606682 3.10255
0.60465 3.07919
0.602697 3.05534
0.600666 3.03532
0.598713 3.00957
0.59676 2.98906
0.594728 2.96761
0.592775 2.9471
0.590822 2.92421
0.588791 2.90514
0.586838 2.88368
0.584807 2.8627
0.582854 2.84029
0.580901 2.82169
0.57887 2.79928
0.576917 2.78498
0.574885 2.76161
0.572932 2.7392
0.570979 2.72156
0.568948 2.70105
0.566995 2.68579
0.564963 2.66148
0.56301 2.64288
0.561057 2.62476
0.559026 2.60664
0.557073 2.59043
0.555041 2.56992
0.553088 2.55085
0.551135 2.53464
0.549104 2.51556
0.547151 2.49792
0.545197 2.4798
0.543166 2.46025
0.541213 2.44261
0.539182 2.42783
0.537229 2.41161
0.535275 2.39302
0.533244 2.37442
0.531291 2.35678
0.52926 2.34056
0.527307 2.32388
0.525353 2.30623
0.523322 2.28859
0.521369 2.27333
0.519338 2.25712
0.517385 2.23995
0.515431 2.22374
0.5134 2.20705
0.511447 2.19131
0.509494 2.17463
0.507463 2.15889
0.505509 2.14125
0.503478 2.12837
0.501525 2.1093
0.499572 2.09309
0.497541 2.07926
0.495588 2.06257
0.493557 2.04922
0.491604 2.03253
0.489651 2.01727
0.487619 2.00058
0.485666 1.98532
0.483635 1.97054
0.481682 1.95528
0.479729 1.93954
0.477697 1.92333
0.475744 1.9095
0.473713 1.89329
0.47176 1.87994
0.469807 1.86182
0.467775 1.84608
0.465822 1.83034
0.463869 1.81747
0.461838 1.80173
0.459885 1.78648
0.457853 1.77455
0.4559 1.75786
0.453947 1.74165
0.451916 1.72925
0.449963 1.71161
0.447931 1.6954
0.445978 1.68062
0.444025 1.66488
0.441994 1.64962
0.440041 1.6377
0.438009 1.61911
0.436056 1.60432
0.434103 1.58954
0.432072 1.57381
0.430119 1.56045
0.428087 1.5409
0.426134 1.52421
0.424181 1.50753
0.42215 1.49417
0.420197 1.4751
0.418243 1.45889
0.416212 1.4422
0.414259 1.42837
0.412229 1.40834
0.410275 1.39547
0.408322 1.37258
0.406291 1.3578
0.404338 1.33873
0.402307 1.32108
0.400353 1.30344
0.3984 1.28246
0.396369 1.26386
0.394416 1.24431
0.392385 1.22381
0.390431 1.2033
0.388478 1.1828
0.386447 1.16182
0.384494 1.13728
0.382541 1.11163
0.380509 1.08974
0.378556 1.06323
0.376525 1.0453
0.374572 1.01669
0.372619 0.99223
0.370587 0.96486
0.368634 0.933865
0.366603 0.907687
0.36465 0.877121
0.362697 0.843838
0.360665 0.812844
0.358712 0.77565
0.356681 0.746754
0.354728 0.705078
0.352775 0.668075
0.350743 0.629308
0.34879 0.586393
0.346759 0.543668
0.344806 0.493409
0.342853 0.448491
0.340821 0.399233
0.338868 0.3433
0.336915 0.298
0.334884 0.235916
0.332931 0.175739
0.3309 0.114418
0.328947 0.0429869
0.326994 -0.0259161
0.324963 -0.0975375
0.323009 -0.177455
0.320978 -0.259949
0.319025 -0.343491
0.317072 -0.434376
0.315041 -0.526311
0.313087 -0.626733
0.311056 -0.737598
0.309103 -0.849656
0.30715 -0.963143
0.305119 -1.08922
0.303165 -1.21363
0.301134 -1.35534
0.299181 -1.49758
0.297228 -1.63754
0.295197 -1.7917
0.293243 -1.95568
0.29129 -2.13512
0.289259 -2.32457
0.287306 -2.51535
0.285275 -2.71596
0.283321 -2.90955
0.281368 -3.15183
0.279337 -3.38329
0.277384 -3.62324
0.275352 -3.87067
0.273399 -4.12959
0.271446 -4.41899
0.269415 -4.71334
0.267462 -5.00245
0.26543 -5.3286
0.263477 -5.64327
0.261524 -5.9916
0.259493 -6.33075
0.25754 -6.69363
0.255587 -7.07605
0.253555 -7.45895
0.251602 -7.87333
0.249571 -8.30058
0.247618 -8.73736
0.245665 -9.18225
0.243634 -9.63573
0.241681 -10.1078
0.23965 -10.6032
0.237697 -11.1006
0.235744 -11.6046
0.233712 -12.1277
0.231759 -12.6741
0.229728 -13.222
0.227775 -13.7861
0.225821 -14.3469
0.22379 -14.9277
0.221837 -15.5151
0.219806 -16.0845
0.217853 -16.64
0.215899 -17.2542
0.213868 -17.8564
0.211915 -18.4863
0.209962 -19.0604
0.207931 -19.7147
0.205977 -20.3107
0.203946 -20.9373
0.201993 -21.541
0.20004 -22.1442
0.198009 -22.7497
0.196055 -23.3463
0.194024 -23.9037
0.192071 -24.5288
0.190118 -25.0767
0.188087 -25.6465
0.186133 -26.1773
0.184102 -26.7371
0.182149 -27.2573
0.180196 -27.7566
0.178164 -28.1886
0.176211 -28.6668
0.17418 -29.1318
0.172227 -29.5671
0.170274 -29.9729
0.168242 -30.3591
0.166289 -30.7316
0.164336 -31.0968
0.162305 -31.4134
0.160352 -31.7248
0.158321 -31.9976
0.156368 -32.2384
0.154415 -32.5035
0.152384 -32.7185
0.150431 -32.9226
0.148399 -33.0924
0.146446 -33.2192
0.144493 -33.3718
0.142462 -33.4886
0.140509 -33.5702
0.138477 -33.5902
0.136524 -33.6021
0.134571 -33.687
0.13254 -33.6932
0.130587 -33.6884
0.128633 -33.6546
0.126602 -33.6217
0.124649 -33.5788
0.122618 -33.5173
0.120665 -33.4181
0.118711 -33.3451
0.11668 -33.2249
0.114727 -33.1282
0.112696 -32.997
0.110743 -32.8802
0.108789 -32.7343
0.106758 -32.5927
0.104805 -32.4258
0.102774 -32.2822
0.100821 -32.1144
0.0988674 -31.9265
0.0968361 -31.7501
0.094883 -31.5789
0.0928516 -31.4082
0.0908985 -31.2213
0.0889454 -31.0301
0.0869141 -30.847
0.0849609 -30.6638
0.0830078 -30.4679
0.0809765 -30.2824
0.0790234 -30.0854
0.076993 -29.9042
0.0750389 -29.7183
0.0730858 -29.5228
0.0710554 -29.3397
0.0691023 -29.1532
0.067071 -28.9658
0.0651178 -28.7865
0.0631647 -28.5925
0.0611334 -28.4198
0.0591803 -28.22
0.0571489 -28.0479
0.0551958 -27.8677
0.0532427 -27.6927
0.0512114 -27.5286
0.0492582 -27.3608
0.0472269 -27.1886
0.0452738 -27.026
0.0433207 -26.8572
0.0412893 -26.6942
0.0393362 -26.5325
0.0373831 -26.3799
0.0353518 -26.2245
0.0333986 -26.0728
0.0313673 -25.916
0.0294142 -25.7767
0.0274611 -25.6279
0.0254297 -25.4816
0.0234766 -25.3352
0.0214453 -25.1997
0.0194921 -25.0515
0.017539 -24.9194
0.0155077 -24.7839
0.0135546 -24.65
0.0115232 -24.5231
0.00957012 -24.3934
0.007617 -24.2718
0.00558567 -24.1407
0.00363255 -24.022
0.00167942 -23.8999
-0.000351906 -23.7759
-0.00230503 -23.6686
-0.00433636 -23.5504
-0.00628948 -23.4354
-0.00824261 -23.3229
-0.010273 -23.2137
-0.0122261 -23.1083
-0.0142574 -23.0015
-0.0162106 -22.8928
-0.0181637 -22.7936
-0.020195 -22.6754
-0.0221481 -22.5809
-0.0241795 -22.4841
-0.0261326 -22.384
-0.0280857 -22.2929
-0.030117 -22.1918
-0.0320702 -22.1012
-0.0341015 -22.0097
-0.0360546 -21.9191
-0.0380077 -21.8285
-0.0400391 -21.7393
-0.0419922 -21.6492
-0.0439453 -21.5667
-0.0459766 -21.4799
-0.0479298 -21.3984
-0.0499611 -21.313
-0.0519142 -21.2344
-0.0538673 -21.149
-0.0558987 -21.0756
-0.0578518 -20.9897
-0.0598831 -20.9101
-0.0618362 -20.8367
-0.0637894 -20.7628
-0.0658207 -20.6889
-0.0677738 -20.6149
-0.0698051 -20.5444
-0.0717583 -20.4724
-0.0737114 -20.3965
-0.0757427 -20.335
-0.0776958 -20.2602
-0.0797272 -20.1939
-0.0816803 -20.1276
-0.0836334 -20.0642
-0.0856647 -20.0008
-0.0876179 -19.9383
-0.089571 -19.8711
-0.0916023 -19.8086
-0.0935555 -19.7438
-0.0955858 -19.6851
-0.0975389 -19.6236
-0.0994921 -19.5545
-0.0975389 -19.2402
-0.0955858 -19.0156
-0.0935555 -18.8273
-0.0916023 -18.6585
-0.089571 -18.5006
-0.0876179 -18.3571
-0.0856647 -18.2198
-0.0836334 -18.091
-0.0816803 -17.9651
-0.0797272 -17.8445
-0.0776958 -17.7296
-0.0757427 -17.6171
-0.0737114 -17.5083
-0.0717583 -17.4077
-0.0698051 -17.3009
-0.0677738 -17.1998
-0.0658207 -17.104
-0.0637894 -16.9991
-0.0618362 -16.909
-0.0598831 -16.8112
-0.0578518 -16.7287
-0.0558987 -16.6386
-0.0538673 -16.5437
-0.0519142 -16.4574
-0.0499611 -16.3682
-0.0479298 -16.2862
-0.0459766 -16.2047
-0.0439453 -16.1212
-0.0419922 -16.034
-0.0400391 -15.9557
-0.0380077 -15.8747
-0.0360546 -15.8027
-0.0341015 -15.7188
-0.0320702 -15.6439
-0.030117 -15.5643
-0.0280857 -15.4946
-0.0261326 -15.4112
-0.0241795 -15.3435
-0.0221481 -15.2667
-0.020195 -15.1885
-0.0181637 -15.1289
-0.0162106 -15.0536
-0.0142574 -14.9868
-0.0122261 -14.9077
-0.010273 -14.8333
-0.00824261 -14.7689
-0.00628948 -14.695
-0.00433636 -14.6254
-0.00230503 -14.5534
-0.000351906 -14.4799
0.00167942 -14.4213
0.00363255 -14.3488
0.00558567 -14.2801
0.007617 -14.2081
0.00957012 -14.1414
0.0115232 -14.0765
0.0135546 -14.0107
0.0155077 -13.9363
0.017539 -13.8701
0.0194921 -13.8023
0.0214453 -13.7423
0.0234766 -13.6684
0.0254297 -13.6006
0.0274611 -13.5305
0.0294142 -13.4595
0.0313673 -13.3875
0.0333986 -13.3246
0.0353518 -13.2564
0.0373831 -13.1834
0.0393362 -13.1076
0.0412893 -13.0451
0.0433207 -12.9707
0.0452738 -12.8983
0.0472269 -12.8201
0.0492582 -12.7528
0.0512114 -12.676
0.0532427 -12.5998
0.0551958 -12.5239
0.0571489 -12.4496
0.0591803 -12.3704
0.0611334 -12.3017
0.0631647 -12.2173
0.0651178 -12.1382
0.067071 -12.0547
0.0691023 -11.9675
0.0710554 -11.885
0.0730858 -11.7925
0.0750389 -11.7081
0.076993 -11.6165
0.0790234 -11.5192
0.0809765 -11.4339
0.0830078 -11.3357
0.0849609 -11.2346
0.0869141 -11.134
0.0889454 -11.029
0.0908985 -10.928
0.0928516 -10.813
0.094883 -10.6967
0.0968361 -10.5851
0.0988674 -10.4683
0.100821 -10.3586
0.102774 -10.2289
0.104805 -10.0906
0.106758 -9.95902
0.108789 -9.8174
0.110743 -9.67912
0.112696 -9.5251
0.114727 -9.37251
0.11668 -9.20514
0.118711 -9.05398
0.120665 -8.87421
0.122618 -8.70875
0.124649 -8.52135
0.126602 -8.3268
0.128633 -8.13273
0.130587 -7.93531
0.13254 -7.71883
0.134571 -7.50235
0.136524 -7.2501
0.138477 -7.04124
0.140509 -6.81856
0.142462 -6.5644
0.144493 -6.29833
0.146446 -6.01223
0.148399 -5.74234
0.150431 -5.45194
0.152384 -5.14199
0.154415 -4.83396
0.156368 -4.49874
0.158321 -4.17639
0.160352 -3.83593
0.162305 -3.48403
0.164336 -3.12067
0.166289 -2.73491
0.168242 -2.34819
0.170274 -1.95099
0.172227 -1.54615
0.17418 -1.12701
0.176211 -0.684028
0.178164 -0.247717
0.180196 0.168562
0.182149 0.63396
0.184102 1.09718
0.186133 1.61236
0.188087 2.087
0.190118 2.60151
0.192071 3.08818
0.194024 3.63492
0.196055 4.13708
0.198009 4.66537
0.20004 5.20649
0.201993 5.7415
0.203946 6.24423
0.205977 6.84097
0.207931 7.39935
0.209962 7.99969
0.211915 8.50132
0.213868 9.08211
0.215899 9.63429
0.217853 10.1979
0.219806 10.7077
0.221837 11.2369
0.22379 11.7953
0.225821 12.3532
0.227775 12.8782
0.229728 13.4237
0.231759 13.9397
0.233712 14.4723
0.235744 14.9739
0.237697 15.4479
0.23965 15.9329
0.241681 16.4111
0.243634 16.8656
0.245665 17.2961
0.247618 17.722
0.249571 18.1416
0.251602 18.5521
0.253555 18.926
0.255587 19.2736
0.25754 19.6284
0.259493 19.9321
0.261524 20.2387
0.263477 20.5487
0.26543 20.7957
0.267462 21.076
0.269415 21.2873
0.271446 21.5171
0.273399 21.7298
0.275352 21.8871
0.277384 22.0345
0.279337 22.1713
0.281368 22.2872
0.283321 22.425
0.285275 22.4641
0.287306 22.5385
0.289259 22.5762
0.29129 22.622
0.293243 22.6386
0.295197 22.6253
0.297228 22.5976
0.299181 22.5361
0.301134 22.4918
0.303165 22.4427
0.305119 22.3654
0.30715 22.2863
0.309103 22.1871
0.311056 22.0793
0.313087 21.9749
0.315041 21.8404
0.317072 21.6978
0.319025 21.5453
0.320978 21.396
0.323009 21.241
0.324963 21.0756
0.326994 20.9006
0.328947 20.7222
0.3309 20.5501
0.332931 20.3665
0.334884 20.1724
0.336915 19.9831
0.338868 19.7748
0.340821 19.594
0.342853 19.3914
0.344806 19.2006
0.346759 19.0037
0.34879 18.8063
0.350743 18.6103
0.352775 18.4119
0.354728 18.2064
0.356681 18.0228
0.358712 17.8135
0.360665 17.6285
0.362697 17.432
0.36465 17.2432
0.366603 17.052
0.368634 16.8617
0.370587 16.6782
0.372619 16.4974
0.374572 16.3067
0.376525 16.1331
0.378556 15.9424
0.380509 15.7707
0.382541 15.5986
0.384494 15.4265
0.386447 15.2615
0.388478 15.097
0.390431 14.9329
0.392385 14.7732
0.394416 14.6134
0.396369 14.4561
0.3984 14.3068
0.400353 14.1533
0.402307 14.0012
0.404338 13.8557
0.406291 13.7117
0.408322 13.5673
0.410275 13.4323
0.412229 13.2945
0.414259 13.1605
0.416212 13.0251
0.418243 12.8925
0.420197 12.7666
0.42215 12.6408
0.424181 12.5134
0.426134 12.3933
0.428087 12.2731
0.430119 12.1615
0.432072 12.0352
0.434103 11.925
0.436056 11.8115
0.438009 11.7023
0.440041 11.5951
0.441994 11.4892
0.444025 11.3805
0.445978 11.2808
0.447931 11.1764
0.449963 11.0805
0.451916 10.979
0.453947 10.8841
0.4559 10.7859
0.457853 10.6948
0.459885 10.5966
0.461838 10.5083
0.463869 10.4201
0.465822 10.3314
0.467775 10.2442
0.469807 10.1598
0.47176 10.0754
0.473713 9.99049
0.475744 9.91086
0.477697 9.83075
0.479729 9.75303
0.481682 9.67292
0.483635 9.59805
0.485666 9.52081
0.487619 9.44642
0.489651 9.37155
0.491604 9.30193
0.493557 9.23184
0.495588 9.15793
0.497541 9.08974
0.499572 9.01917
0.501525 8.95194
0.503478 8.89376
0.505509 8.82224
0.507463 8.75834
0.509494 8.69254
0.511447 8.63245
0.5134 8.56904
0.515431 8.51182
0.517385 8.44744
0.519338 8.39213
0.521369 8.32823
0.523322 8.27387
0.525353 8.21904
0.527307 8.16182
0.52926 8.10507
0.531291 8.04928
0.533244 7.99349
0.535275 7.94199
0.537229 7.88858
0.539182 7.83232
0.541213 7.78463
0.543166 7.73457
0.545197 7.68593
0.547151 7.63538
0.549104 7.58484
0.551135 7.53716
0.553088 7.48852
0.555041 7.43988
0.557073 7.39553
0.559026 7.34785
0.561057 7.30637
0.56301 7.25821
0.564963 7.21624
0.566995 7.17333
0.568948 7.12612
0.570979 7.08607
0.572932 7.04268
0.574885 7.00071
0.576917 6.96161
0.57887 6.91536
0.580901 6.87864
0.582854 6.83811
0.584807 6.80044
0.586838 6.76038
0.588791 6.72224
0.590822 6.68314
0.592775 6.64451
0.594728 6.61018
0.59676 6.5706
0.598713 6.53484
0.600666 6.49955
0.602697 6.46427
0.60465 6.42993
0.606682 6.39513
0.608635 6.36079
0.610588 6.3236
0.612619 6.29213
0.614573 6.2597
0.616604 6.22585
0.618557 6.19199
0.62051 6.16052
0.622541 6.12762
0.624495 6.09949
0.626526 6.06945
0.628479 6.03654
0.630432 6.00746
0.632463 5.97503
0.634417 5.94594
0.636448 5.914
0.638401 5.88825
0.640354 5.85821
0.642385 5.83007
0.644339 5.80194
0.646292 5.77381
0.648323 5.74615
0.650276 5.71992
0.652308 5.69179
0.654261 5.66652
0.656214 5.64029
0.658245 5.6112
0.660198 5.5864
0.66223 5.5597
0.664183 5.53681
0.666136 5.51345
0.668166 5.48484
0.67012 5.46386
0.672151 5.43572
0.674104 5.4157
0.676057 5.39186
0.678088 5.36992
0.680041 5.34465
0.681994 5.32557
0.684026 5.29983
0.685979 5.27932
0.68801 5.25548
0.689963 5.23641
0.691916 5.21352
0.693948 5.19492
0.695901 5.1706
0.697932 5.14962
0.699885 5.12912
0.697932 4.9875
0.695901 4.89499
0.693948 4.81822
0.691916 4.74813
