0.689963 4.57742
0.68801 4.52163
0.685979 4.46965
0.684026 4.41958
0.681994 4.37428
0.680041 4.32898
0.678088 4.28511
0.676057 4.2422
0.674104 4.2031
0.672151 4.16209
0.67012 4.1268
0.668166 4.09104
0.666136 4.05385
0.664183 4.01761
0.66223 3.98327
0.660198 3.94989
0.658245 3.91795
0.656214 3.88838
0.654261 3.85357
0.652308 3.8221
0.650276 3.79302
0.648323 3.76107
0.646292 3.73436
0.644339 3.70528
0.642385 3.67667
0.640354 3.64853
0.638401 3.62231
0.636448 3.59179
0.634417 3.56604
0.632463 3.53886
0.630432 3.51264
0.628479 3.48879
0.626526 3.46257
0.624495 3.43682
0.622541 3.41155
0.62051 3.38723
0.618557 3.36291
0.616604 3.34193
0.614573 3.31427
0.612619 3.28995
0.610588 3.26897
0.608635 3.24751
0.606682 3.2232
0.60465 3.20031
0.602697 3.1779
0.600666 3.15548
0.598713 3.13164
0.59676 3.11256
0.594728 3.0892
0.592775 3.07156
0.590822 3.04771
0.588791 3.02673
0.586838 3.00623
0.584807 2.98573
0.582854 2.96188
0.580901 2.94424
0.57887 2.92326
0.576917 2.90752
0.574885 2.88321
0.572932 2.86604
0.570979 2.84554
0.568948 2.82932
0.566995 2.80977
0.564963 2.78784
0.56301 2.7702
0.561057 2.75017
0.559026 2.73205
0.557073 2.71488
0.555041 2.69533
0.553088 2.67626
0.551135 2.65766
0.549104 2.64097
0.547151 2.62285
0.545197 2.60235
0.543166 2.58852
0.541213 2.56802
0.539182 2.55085
0.537229 2.53607
0.535275 2.52033
0.533244 2.49887
0.531291 2.48314
0.52926 2.4655
0.527307 2.45214
0.525353 2.43307
0.523322 2.41924
0.521369 2.40017
0.519338 2.38491
0.517385 2.36584
0.515431 2.35201
0.5134 2.33389
0.511447 2.31958
0.509494 2.30051
0.507463 2.28477
0.505509 2.26952
0.503478 2.25664
0.501525 2.23614
0.499572 2.22136
0.497541 2.2061
0.495588 2.19036
0.493557 2.17653
0.491604 2.15841
0.489651 2.14554
0.487619 2.12694
0.485666 2.11073
0.483635 2.0969
0.481682 2.08498
0.479729 2.06638
0.477697 2.05112
0.475744 2.03396
0.473713 2.02108
0.47176 2.00344
0.469807 1.992
0.467775 1.97388
0.465822 1.9591
0.463869 1.94574
0.461838 1.92953
0.459885 1.91284
0.457853 1.90092
0.4559 1.88328
0.453947 1.86992
0.451916 1.85323
0.449963 1.83654
0.447931 1.82271
0.445978 1.80841
0.444025 1.78981
0.441994 1.77646
0.440041 1.76263
0.438009 1.74356
0.436056 1.72735
0.434103 1.71257
0.432072 1.69683
0.430119 1.68539
0.428087 1.6644
0.426134 1.6501
0.424181 1.63389
0.42215 1.61672
0.420197 1.60146
0.418243 1.58334
0.416212 1.56999
0.414259 1.55235
0.412229 1.53471
0.410275 1.51802
0.408322 1.50037
0.406291 1.47892
0.404338 1.46127
0.402307 1.44172
0.400353 1.42265
0.3984 1.40644
0.396369 1.3845
0.394416 1.36686
0.392385 1.34731
0.390431 1.3268
0.388478 1.30392
0.386447 1.28198
0.384494 1.25766
0.382541 1.23477
0.380509 1.21379
0.378556 1.189
0.376525 1.16897
0.374572 1.14275
0.372619 1.11611
0.370587 1.08321
0.368634 1.05336
0.366603 1.02389
0.36465 0.993804
0.362697 0.962857
0.360665 0.929574
0.358712 0.895909
0.356681 0.862721
0.354728 0.821665
0.352775 0.784567
0.350743 0.746277
0.34879 0.701931
0.346759 0.661781
0.344806 0.61157
0.342853 0.562932
0.340821 0.519063
0.338868 0.457837
0.336915 0.415589
0.334884 0.352837
0.332931 0.293375
0.3309 0.227476
0.328947 0.160003
0.326994 0.0890975
0.324963 0.0183821
0.323009 -0.0631576
0.320978 -0.144268
0.319025 -0.231148
0.317072 -0.317599
0.315041 -0.41144
0.313087 -0.509622
0.311056 -0.620916
0.309103 -0.732687
0.30715 -0.84894
0.305119 -0.972775
0.303165 -1.09995
0.301134 -1.24076
0.299181 -1.383
0.297228 -1.52057
0.295197 -1.67645
0.293243 -1.83948
0.29129 -2.01882
0.289259 -2.2066
0.287306 -2.39647
0.285275 -2.60104
0.283321 -2.78953
0.281368 -3.03243
0.279337 -3.26213
0.277384 -3.50198
0.275352 -3.74884
0.273399 -4.00523
0.271446 -4.2932
0.269415 -4.58798
0.267462 -4.87275
0.26543 -5.20148
0.263477 -5.51519
0.261524 -5.8639
0.259493 -6.20437
0.25754 -6.54676
0.255587 -6.94302
0.253555 -7.32449
0.251602 -7.72884
0.249571 -8.158
0.247618 -8.59526
0.245665 -9.03872
0.243634 -9.48695
0.241681 -9.95521
0.23965 -10.4502
0.237697 -10.948
0.235744 -11.441
0.233712 -11.9689
0.231759 -12.5139
0.229728 -13.0499
0.227775 -13.6145
0.225821 -14.1705
0.22379 -14.7508
0.221837 -15.3387
0.219806 -15.9066
0.217853 -16.4612
0.215899 -17.0644
0.213868 -17.6633
0.211915 -18.2918
0.209962 -18.8606
0.207931 -19.5173
0.205977 -20.1171
0.203946 -20.726
0.201993 -21.3254
0.20004 -21.9229
0.198009 -22.5247
0.196055 -23.1198
0.194024 -23.6839
0.192071 -24.3019
0.190118 -24.8469
0.188087 -25.4091
0.186133 -25.9427
0.184102 -26.4963
0.182149 -27.0098
0.180196 -27.5067
0.178164 -27.9449
0.176211 -28.4084
0.17418 -28.8767
0.172227 -29.3101
0.170274 -29.7121
0.168242 -30.0974
0.166289 -30.4722
0.164336 -30.8374
0.162305 -31.145
0.160352 -31.4511
0.158321 -31.732
0.156368 -31.9718
0.154415 -32.2307
0.152384 -32.4496
0.150431 -32.6513
0.148399 -32.8254
0.146446 -32.9455
0.144493 -33.1062
0.142462 -33.2106
0.140509 -33.2979
0.138477 -33.3184
0.136524 -33.3308
0.134571 -33.4119
0.13254 -33.4171
0.130587 -33.4166
0.128633 -33.3895
0.126602 -33.347
0.124649 -33.3079
0.122618 -33.2493
0.120665 -33.1501
0.118711 -33.0767
0.11668 -32.9565
0.114727 -32.8602
0.112696 -32.7395
0.110743 -32.6151
0.108789 -32.4687
0.106758 -32.3232
0.104805 -32.164
0.102774 -32.0219
0.100821 -31.8517
0.0988674 -31.6681
0.0968361 -31.4935
0.094883 -31.3185
0.0928516 -31.1488
0.0908985 -30.9709
0.0889454 -30.7749
0.0869141 -30.599
0.0849609 -30.4083
0.0830078 -30.2194
0.0809765 -30.0344
0.0790234 -29.838
0.076993 -29.6596
0.0750389 -29.4746
0.0730858 -29.2777
0.0710554 -29.1027
0.0691023 -28.9129
0.067071 -28.7312
0.0651178 -28.551
0.0631647 -28.3621
0.0611334 -28.1876
0.0591803 -27.984
0.0571489 -27.8166
0.0551958 -27.6459
0.0532427 -27.4647
0.0512114 -27.304
0.0492582 -27.1381
0.0472269 -26.9626
0.0452738 -26.8096
0.0433207 -26.6369
0.0412893 -26.481
0.0393362 -26.3184
0.0373831 -26.1649
0.0353518 -26.0137
0.0333986 -25.8602
0.0313673 -25.7071
0.0294142 -25.5631
0.0274611 -25.4181
0.0254297 -25.2794
0.0234766 -25.1335
0.0214453 -24.9957
0.0194921 -24.8488
0.017539 -24.7205
0.0155077 -24.588
0.0135546 -24.4583
0.0115232 -24.3271
0.00957012 -24.1998
0.007617 -24.0816
0.00558567 -23.9533
0.00363255 -23.8322
0.00167942 -23.7134
-0.000351906 -23.5904
-0.00230503 -23.4831
-0.00433636 -23.3687
-0.00628948 -23.2547
-0.00824261 -23.1455
-0.010273 -23.0339
-0.0122261 -22.9329
-0.0142574 -22.8241
-0.0162106 -22.7202
-0.0181637 -22.6148
-0.020195 -22.507
-0.0221481 -22.4112
-0.0241795 -22.3177
-0.0261326 -22.2147
-0.0280857 -22.1275
-0.030117 -22.0297
-0.0320702 -21.9406
-0.0341015 -21.8471
-0.0360546 -21.7594
-0.0380077 -21.6673
-0.0400391 -21.5815
-0.0419922 -21.4933
-0.0439453 -21.4141
-0.0459766 -21.3307
-0.0479298 -21.2491
-0.0499611 -21.16
-0.0519142 -21.0827
-0.0538673 -21.0064
-0.0558987 -20.9287
-0.0578518 -20.8453
-0.0598831 -20.769
-0.0618362 -20.6984
-0.0637894 -20.6226
-0.0658207 -20.5525
-0.0677738 -20.4809
-0.0698051 -20.407
-0.0717583 -20.3374
-0.0737114 -20.2683
-0.0757427 -20.2039
-0.0776958 -20.1324
-0.0797272 -20.069
-0.0816803 -20.0027
-0.0836334 -19.935
-0.0856647 -19.8811
-0.0876179 -19.81
-0.089571 -19.7495
-0.0916023 -19.6904
-0.0935555 -19.6255
-0.0955858 -19.5692
-0.0975389 -19.5092
-0.0994921 -19.4395
-0.0975389 -19.1286
-0.0955858 -18.9059
-0.0935555 -18.7171
-0.0916023 -18.5517
-0.089571 -18.3957
-0.0876179 -18.2565
-0.0856647 -18.1158
-0.0836334 -17.9885
-0.0816803 -17.8688
-0.0797272 -17.7491
-0.0776958 -17.6366
-0.0757427 -17.5269
-0.0737114 -17.4168
-0.0717583 -17.3157
-0.0698051 -17.2132
-0.0677738 -17.1135
-0.0658207 -17.0167
-0.0637894 -16.9199
-0.0618362 -16.8265
-0.0598831 -16.7354
-0.0578518 -16.6453
-0.0558987 -16.5637
-0.0538673 -16.4726
-0.0519142 -16.3882
-0.0499611 -16.3024
-0.0479298 -16.2204
-0.0459766 -16.136
-0.0439453 -16.0583
-0.0419922 -15.9686
-0.0400391 -15.8961
-0.0380077 -15.8165
-0.0360546 -15.7383
-0.0341015 -15.662
-0.0320702 -15.5843
-0.030117 -15.5075
-0.0280857 -15.4355
-0.0261326 -15.3587
-0.0241795 -15.2939
-0.0221481 -15.219
-0.020195 -15.1423
-0.0181637 -15.0846
-0.0162106 -15.0059
-0.0142574 -14.9401
-0.0122261 -14.8676
-0.010273 -14.7923
-0.00824261 -14.7284
-0.00628948 -14.6578
-0.00433636 -14.5915
-0.00230503 -14.5186
-0.000351906 -14.4427
0.00167942 -14.3836
0.00363255 -14.3173
0.00558567 -14.2501
0.007617 -14.1824
0.00957012 -14.1161
0.0115232 -14.0489
0.0135546 -13.9816
0.0155077 -13.9158
0.017539 -13.8486
0.0194921 -13.779
0.0214453 -13.7179
0.0234766 -13.6512
0.0254297 -13.5844
0.0274611 -13.5124
0.0294142 -13.4457
0.0313673 -13.377
0.0333986 -13.3169
0.0353518 -13.2459
0.0373831 -13.172
0.0393362 -13.098
0.0412893 -13.0346
0.0433207 -12.9617
0.0452738 -12.8963
0.0472269 -12.8196
0.0492582 -12.7485
0.0512114 -12.678
0.0532427 -12.6012
0.0551958 -12.5273
0.0571489 -12.4538
0.0591803 -12.3742
0.0611334 -12.3094
0.0631647 -12.2202
0.0651178 -12.1491
0.067071 -12.0609
0.0691023 -11.9818
0.0710554 -11.895
0.0730858 -11.8034
0.0750389 -11.7214
0.076993 -11.6318
0.0790234 -11.5383
0.0809765 -11.4491
0.0830078 -11.3514
0.0849609 -11.2579
0.0869141 -11.1554
0.0889454 -11.0524
0.0908985 -10.9542
0.0928516 -10.8393
0.094883 -10.7229
0.0968361 -10.6109
0.0988674 -10.4974
0.100821 -10.3805
0.102774 -10.258
0.104805 -10.1149
0.106758 -9.99192
0.108789 -9.8565
0.110743 -9.71011
0.112696 -9.55752
0.114727 -9.41018
0.11668 -9.24376
0.118711 -9.08974
0.120665 -8.91236
0.122618 -8.74833
0.124649 -8.55855
0.126602 -8.36876
0.128633 -8.17612
0.130587 -7.97441
0.13254 -7.76461
0.134571 -7.54669
0.136524 -7.29921
0.138477 -7.08797
0.140509 -6.87244
0.142462 -6.6159
0.144493 -6.34983
0.146446 -6.06182
0.148399 -5.79669
0.150431 -5.50391
0.152384 -5.19635
0.154415 -4.88784
0.156368 -4.55691
0.158321 -4.23266
0.160352 -3.89697
0.162305 -3.54554
0.164336 -3.18791
0.166289 -2.80024
0.168242 -2.41352
0.170274 -2.02061
0.172227 -1.62244
0.17418 -1.1952
0.176211 -0.755076
0.178164 -0.31352
0.180196 0.0970364
0.182149 0.561476
0.184102 1.01831
0.186133 1.5343
0.188087 2.00656
0.190118 2.51397
0.192071 3.00516
0.194024 3.54937
0.196055 4.05125
0.198009 4.57925
0.20004 5.11693
0.201993 5.6499
0.203946 6.18649
0.205977 6.74083
0.207931 7.29445
0.209962 7.89145
0.211915 8.40214
0.213868 8.9753
0.215899 9.52701
0.217853 10.0863
0.219806 10.5927
0.221837 11.1235
0.22379 11.6761
0.225821 12.2321
0.227775 12.7581
0.229728 13.2978
0.231759 13.8143
0.233712 14.3383
0.235744 14.8395
0.237697 15.3096
0.23965 15.796
0.241681 16.2719
0.243634 16.7206
0.245665 17.1498
0.247618 17.5708
0.249571 17.9866
0.251602 18.3938
0.253555 18.7739
0.255587 19.122
0.25754 19.4643
0.259493 19.7686
0.261524 20.0675
0.263477 20.376
0.26543 20.6283
0.267462 20.9063
0.269415 21.117
0.271446 21.3393
0.273399 21.5505
0.275352 21.7122
0.277384 21.8538
0.279337 21.9882
0.281368 22.1022
0.283321 22.2405
0.285275 22.2772
0.287306 22.3487
0.289259 22.3874
0.29129 22.4236
0.293243 22.4403
0.295197 22.4284
0.297228 22.394
0.299181 22.3378
0.301134 22.2886
0.303165 22.2453
0.305119 22.1632
0.30715 22.0788
0.309103 21.9787
0.311056 21.8724
0.313087 21.7622
0.315041 21.6301
0.317072 21.4857
0.319025 21.3312
0.320978 21.18
0.323009 21.0279
0.324963 20.8596
0.326994 20.6841
0.328947 20.5062
0.3309 20.3331
0.332931 20.1448
0.334884 19.9526
0.336915 19.7662
0.338868 19.5525
0.340821 19.3756
0.342853 19.1716
0.344806 18.9756
0.346759 18.7829
0.34879 18.5841
0.350743 18.3862
0.352775 18.1902
0.354728 17.988
0.356681 17.7997
0.358712 17.5908
0.360665 17.4053
0.362697 17.2055
0.36465 17.0148
0.366603 16.8269
0.368634 16.6343
0.370587 16.4521
0.372619 16.2733
0.374572 16.0807
0.376525 15.9062
0.378556 15.7169
0.380509 15.5471
0.382541 15.375
0.384494 15.2009
0.386447 15.034
0.388478 14.8733
0.390431 14.7102
0.392385 14.5486
0.394416 14.3874
0.396369 14.231
0.3984 14.0808
0.400353 13.9239
0.402307 13.7756
0.404338 13.6297
0.406291 13.4848
0.408322 13.3427
0.410275 13.2063
0.412229 13.0642
0.414259 12.9321
0.416212 12.7986
0.418243 12.6656
0.420197 12.5411
0.42215 12.4138
0.424181 12.2855
0.426134 12.1654
0.428087 12.0485
0.430119 11.9346
0.432072 11.8115
0.434103 11.6961
0.436056 11.586
0.438009 11.4768
0.440041 11.3705
0.441994 11.2589
0.444025 11.1554
0.445978 11.0543
0.447931 10.9499
0.449963 10.8512
0.451916 10.7515
0.453947 10.6557
0.4559 10.5613
0.457853 10.4659
0.459885 10.3705
0.461838 10.2804
0.463869 10.1941
0.465822 10.1045
0.467775 10.0181
0.469807 9.9347
0.47176 9.84982
0.473713 9.76209
0.475744 9.68389
0.477697 9.60616
0.479729 9.5251
0.481682 9.4488
0.483635 9.37155
0.485666 9.29526
0.487619 9.22183
0.489651 9.14553
0.491604 9.07496
0.493557 9.0063
0.495588 8.93477
0.497541 8.86467
0.499572 8.7941
0.501525 8.7283
0.503478 8.6644
0.505509 8.59812
0.507463 8.53184
0.509494 8.46747
0.511447 8.40739
0.5134 8.34492
0.515431 8.28246
0.517385 8.22142
0.519338 8.16277
0.521369 8.10316
0.523322 8.04737
0.525353 7.99063
0.527307 7.93627
0.52926 7.88048
0.531291 7.82564
0.533244 7.77224
0.535275 7.71931
0.537229 7.66447
0.539182 7.6082
0.541213 7.56052
0.543166 7.51093
0.545197 7.46086
0.547151 7.41222
0.549104 7.36263
0.551135 7.31495
0.553088 7.26536
0.555041 7.22101
0.557073 7.17285
0.559026 7.12612
0.561057 7.08225
0.56301 7.03648
0.564963 6.99118
0.566995 6.95112
0.568948 6.90296
0.570979 6.86386
0.572932 6.81999
0.574885 6.77898
0.576917 6.73749
0.57887 6.69506
0.580901 6.65643
0.582854 6.61638
0.584807 6.57871
0.586838 6.54056
0.588791 6.50098
0.590822 6.46331
0.592775 6.42421
0.594728 6.38702
0.59676 6.35412
0.598713 6.31502
0.600666 6.28021
0.602697 6.24158
0.60465 6.21059
0.606682 6.17435
0.608635 6.14288
0.610588 6.10569
0.612619 6.07231
0.614573 6.03893
0.616604 6.00746
0.618557 5.97169
0.62051 5.94213
0.622541 5.91018
0.624495 5.87966
0.626526 5.84962
0.628479 5.81768
0.630432 5.78716
0.632463 5.75616
0.634417 5.72755
0.636448 5.69942
0.638401 5.6689
0.640354 5.64125
0.642385 5.61406
0.644339 5.58164
0.646292 5.55636
0.648323 5.53061
0.650276 5.50153
0.652308 5.47292
0.654261 5.45003
0.656214 5.42285
0.658245 5.39662
0.660198 5.37183
0.66223 5.34513
0.664183 5.32033
0.666136 5.29792
0.668166 5.26931
0.67012 5.24737
0.672151 5.22162
0.674104 5.19969
0.676057 5.17394
0.678088 5.15391
0.680041 5.12912
0.681994 5.11004
0.684026 5.0843
0.685979 5.06522
0.68801 5.04186
0.689963 5.02231
0.691916 5.00133
0.693948 4.98034
0.695901 4.95793
0.697932 4.936
0.699885 4.91645
0.697932 4.77435
0.695901 4.68137
0.693948 4.60364
0.691916 4.53641
