0.689963 0.565052
0.68801 0.503063
0.685979 0.469685
0.684026 0.441074
0.681994 0.422001
0.680041 0.361204
0.678088 0.343084
0.676057 0.326395
0.674104 0.31209
0.672151 0.296831
0.67012 0.279499
0.668166 0.26486
0.666136 0.255514
0.664183 0.239731
0.66223 0.229622
0.660198 0.21813
0.658245 0.206209
0.656214 0.198198
0.654261 0.188328
0.652308 0.178934
0.650276 0.169588
0.648323 0.158144
0.646292 0.152851
0.644339 0.14031
0.642385 0.135351
0.640354 0.124717
0.638401 0.117136
0.636448 0.107694
0.634417 0.103355
0.632463 0.0937228
0.630432 0.0888114
0.628479 0.0807052
0.626526 0.0724082
0.624495 0.0644927
0.622541 0.0598669
0.62051 0.0520468
0.618557 0.04704
0.616604 0.0433683
0.614573 0.0348806
0.612619 0.0281572
0.610588 0.0241041
0.608635 0.0179529
0.606682 0.0114679
0.60465 0.00612736
0.602697 -0.00255108
0.600666 -0.00464916
0.598713 -0.0106573
0.59676 -0.0161886
0.594728 -0.0203848
0.592775 -0.0255346
0.590822 -0.032258
0.588791 -0.0361204
0.586838 -0.0407457
0.584807 -0.0451326
0.582854 -0.0498533
0.580901 -0.0550985
0.57887 -0.0613451
0.576917 -0.063396
0.574885 -0.0673537
0.572932 -0.0735526
0.570979 -0.0779395
0.568948 -0.0822787
0.566995 -0.085855
0.564963 -0.0925307
0.56301 -0.0951533
0.561057 -0.0993495
0.559026 -0.102163
0.557073 -0.106693
0.555041 -0.111413
0.553088 -0.115371
0.551135 -0.119377
0.549104 -0.124908
0.547151 -0.127483
0.545197 -0.13516
0.543166 -0.136543
0.541213 -0.141979
0.539182 -0.145078
0.537229 -0.145889
0.535275 -0.150753
0.533244 -0.155282
0.531291 -0.158048
0.52926 -0.16296
0.527307 -0.165725
0.525353 -0.172592
0.523322 -0.174356
0.521369 -0.176788
0.519338 -0.178457
0.517385 -0.183988
0.515431 -0.188185
0.5134 -0.192286
0.511447 -0.195099
0.509494 -0.199057
0.507463 -0.202919
0.505509 -0.207354
0.503478 -0.208689
0.501525 -0.212027
0.499572 -0.217272
0.497541 -0.220562
0.495588 -0.223089
0.493557 -0.223995
0.491604 -0.230433
0.489651 -0.232626
0.487619 -0.235916
0.485666 -0.238968
0.483635 -0.240923
0.481682 -0.247169
0.479729 -0.248123
0.477697 -0.254036
0.475744 -0.25518
0.473713 -0.261093
0.47176 -0.261808
0.469807 -0.2661
0.467775 -0.269867
0.465822 -0.277163
0.463869 -0.276257
0.461838 -0.2805
0.459885 -0.284697
0.457853 -0.286842
0.4559 -0.291039
0.453947 -0.293613
0.451916 -0.297476
0.449963 -0.301672
0.447931 -0.306011
0.445978 -0.309683
0.444025 -0.314118
0.441994 -0.318743
0.440041 -0.322176
0.438009 -0.327422
0.436056 -0.329854
0.434103 -0.334479
0.432072 -0.33939
0.430119 -0.339819
0.428087 -0.348307
0.426134 -0.354029
0.424181 -0.358273
0.42215 -0.36266
0.420197 -0.367571
0.418243 -0.375821
0.416212 -0.375868
0.414259 -0.381829
0.412229 -0.389554
0.410275 -0.392891
0.408322 -0.400425
0.406291 -0.407721
0.404338 -0.414111
0.402307 -0.422741
0.400353 -0.426985
0.3984 -0.435378
0.396369 -0.443961
0.394416 -0.452735
0.392385 -0.460126
0.390431 -0.470521
0.388478 -0.479056
0.386447 -0.490882
0.384494 -0.502564
0.382541 -0.5111
0.380509 -0.523593
0.378556 -0.537421
0.376525 -0.545766
0.374572 -0.561978
0.372619 -0.574901
0.370587 -0.592639
0.368634 -0.61033
0.366603 -0.626638
0.36465 -0.646236
0.362697 -0.664213
0.360665 -0.684144
0.358712 -0.707129
0.356681 -0.727871
0.354728 -0.757053
0.352775 -0.781515
0.350743 -0.808361
0.34879 -0.838212
0.346759 -0.868252
0.344806 -0.904015
0.342853 -0.940398
0.340821 -0.976686
0.338868 -1.01946
0.336915 -1.05403
0.334884 -1.09904
0.332931 -1.14978
0.3309 -1.19884
0.328947 -1.25864
0.326994 -1.31176
0.324963 -1.37246
0.323009 -1.43779
0.320978 -1.50803
0.319025 -1.58246
0.317072 -1.65771
0.315041 -1.73701
0.313087 -1.82617
0.311056 -1.92183
0.309103 -2.02053
0.30715 -2.1251
0.305119 -2.23492
0.303165 -2.34865
0.301134 -2.47768
0.299181 -2.6039
0.297228 -2.7284
0.295197 -2.8736
0.293243 -3.02242
0.29129 -3.18946
0.289259 -3.36436
0.287306 -3.5448
0.285275 -3.73382
0.283321 -3.91354
0.281368 -4.14294
0.279337 -4.35833
0.277384 -4.58702
0.275352 -4.81858
0.273399 -5.06796
0.271446 -5.34458
0.269415 -5.62854
0.267462 -5.90405
0.26543 -6.21781
0.263477 -6.51386
0.261524 -6.86529
0.259493 -7.19717
0.25754 -7.53572
0.255587 -7.91052
0.253555 -8.28293
0.251602 -8.68062
0.249571 -9.10214
0.247618 -9.52701
0.245665 -9.96331
0.243634 -10.4053
0.241681 -10.8736
0.23965 -11.3562
0.237697 -11.8483
0.235744 -12.3408
0.233712 -12.8549
0.231759 -13.398
0.229728 -13.9373
0.227775 -14.4957
0.225821 -15.0498
0.22379 -15.6291
0.221837 -16.2109
0.219806 -16.7773
0.217853 -17.3295
0.215899 -17.9356
0.213868 -18.5354
0.211915 -19.1591
0.209962 -19.7299
0.207931 -20.3865
0.205977 -20.9797
0.203946 -21.6015
0.201993 -22.2076
0.20004 -22.8127
0.198009 -23.4188
0.196055 -24.0162
0.194024 -24.5837
0.192071 -25.204
0.190118 -25.7586
0.188087 -26.3294
0.186133 -26.8596
0.184102 -27.428
0.182149 -27.9502
0.180196 -28.4523
0.178164 -28.8933
0.176211 -29.3683
0.17418 -29.8413
0.172227 -30.289
0.170274 -30.7001
0.168242 -31.0878
0.166289 -31.4702
0.164336 -31.8402
0.162305 -32.163
0.160352 -32.4792
0.158321 -32.761
0.156368 -33.0132
0.154415 -33.2793
0.152384 -33.502
0.150431 -33.717
0.148399 -33.8906
0.146446 -34.0208
0.144493 -34.1858
0.142462 -34.3012
0.140509 -34.388
0.138477 -34.4151
0.136524 -34.4314
0.134571 -34.521
0.13254 -34.5267
0.130587 -34.5329
0.128633 -34.5091
0.126602 -34.4747
0.124649 -34.4385
0.122618 -34.3818
0.120665 -34.2921
0.118711 -34.2158
0.11668 -34.0971
0.114727 -34.0041
0.112696 -33.8801
0.110743 -33.759
0.108789 -33.6217
0.106758 -33.4681
0.104805 -33.3117
0.102774 -33.172
0.100821 -32.9965
0.0988674 -32.8044
0.0968361 -32.6303
0.094883 -32.4587
0.0928516 -32.2875
0.0908985 -32.1077
0.0889454 -31.9136
0.0869141 -31.7243
0.0849609 -31.5431
0.0830078 -31.3481
0.0809765 -31.1607
0.0790234 -30.9619
0.076993 -30.7778
0.0750389 -30.589
0.0730858 -30.3892
0.0710554 -30.2094
0.0691023 -30.0173
0.067071 -29.8322
0.0651178 -29.6482
0.0631647 -29.4541
0.0611334 -29.2777
0.0591803 -29.0703
0.0571489 -28.8972
0.0551958 -28.7226
0.0532427 -28.5391
0.0512114 -28.3707
0.0492582 -28.1938
0.0472269 -28.0212
0.0452738 -27.8596
0.0433207 -27.6869
0.0412893 -27.5277
0.0393362 -27.357
0.0373831 -27.2053
0.0353518 -27.0461
0.0333986 -26.8878
0.0313673 -26.7266
0.0294142 -26.5821
0.0274611 -26.4324
0.0254297 -26.2865
0.0234766 -26.1363
0.0214453 -25.9946
0.0194921 -25.8449
0.017539 -25.7081
0.0155077 -25.5688
0.0135546 -25.4367
0.0115232 -25.3008
0.00957012 -25.1692
0.007617 -25.0414
0.00558567 -24.9151
0.00363255 -24.7882
0.00167942 -24.6671
-0.000351906 -24.5346
-0.00230503 -24.4225
-0.00433636 -24.3081
-0.00628948 -24.1879
-0.00824261 -24.0744
-0.010273 -23.9547
-0.0122261 -23.8479
-0.0142574 -23.7397
-0.0162106 -23.6262
-0.0181637 -23.5203
-0.020195 -23.4021
-0.0221481 -23.3029
-0.0241795 -23.207
-0.0261326 -23.0983
-0.0280857 -23.0044
-0.030117 -22.9009
-0.0320702 -22.8079
-0.0341015 -22.7102
-0.0360546 -22.6172
-0.0380077 -22.5218
-0.0400391 -22.4322
-0.0419922 -22.3387
-0.0439453 -22.2534
-0.0459766 -22.1632
-0.0479298 -22.0774
-0.0499611 -21.9873
-0.0519142 -21.9072
-0.0538673 -21.8204
-0.0558987 -21.7403
-0.0578518 -21.6544
-0.0598831 -21.5743
-0.0618362 -21.4957
-0.0637894 -21.4165
-0.0658207 -21.3416
-0.0677738 -21.2654
-0.0698051 -21.1905
-0.0717583 -21.1156
-0.0737114 -21.0398
-0.0757427 -20.9683
-0.0776958 -20.8968
-0.0797272 -20.8233
-0.0816803 -20.7585
-0.0836334 -20.6865
-0.0856647 -20.6235
-0.0876179 -20.5487
-0.089571 -20.4838
-0.0916023 -20.4161
-0.0935555 -20.3541
-0.0955858 -20.2902
-0.0975389 -20.2249
-0.0994921 -20.1557
-0.0975389 -19.8353
-0.0955858 -19.6036
-0.0935555 -19.4052
-0.0916023 -19.2374
-0.089571 -19.0762
-0.0876179 -18.9346
-0.0856647 -18.7896
-0.0836334 -18.6523
-0.0816803 -18.5292
-0.0797272 -18.4034
-0.0776958 -18.2842
-0.0757427 -18.1697
-0.0737114 -18.0529
-0.0717583 -17.9475
-0.0698051 -17.8402
-0.0677738 -17.741
-0.0658207 -17.6357
-0.0637894 -17.5355
-0.0618362 -17.4363
-0.0598831 -17.3424
-0.0578518 -17.2456
-0.0558987 -17.1564
-0.0538673 -17.0649
-0.0519142 -16.9743
-0.0499611 -16.8808
-0.0479298 -16.7964
-0.0459766 -16.7101
-0.0439453 -16.6252
-0.0419922 -16.5337
-0.0400391 -16.4512
-0.0380077 -16.3725
-0.0360546 -16.29
-0.0341015 -16.2032
-0.0320702 -16.1298
-0.030117 -16.0483
-0.0280857 -15.9696
-0.0261326 -15.888
-0.0241795 -15.817
-0.0221481 -15.7364
-0.020195 -15.6553
-0.0181637 -15.5924
-0.0162106 -15.5171
-0.0142574 -15.4417
-0.0122261 -15.363
-0.010273 -15.2848
-0.00824261 -15.2166
-0.00628948 -15.1432
-0.00433636 -15.0693
-0.00230503 -14.9944
-0.000351906 -14.9201
0.00167942 -14.8528
0.00363255 -14.7842
0.00558567 -14.7102
0.007617 -14.6373
0.00957012 -14.5686
0.0115232 -14.4957
0.0135546 -14.4246
0.0155077 -14.3512
0.017539 -14.2844
0.0194921 -14.2105
0.0214453 -14.1438
0.0234766 -14.0741
0.0254297 -14.0002
0.0274611 -13.9278
0.0294142 -13.8572
0.0313673 -13.7795
0.0333986 -13.7141
0.0353518 -13.6393
0.0373831 -13.5668
0.0393362 -13.4891
0.0412893 -13.4204
0.0433207 -13.3465
0.0452738 -13.2721
0.0472269 -13.1887
0.0492582 -13.119
0.0512114 -13.0418
0.0532427 -12.9645
0.0551958 -12.8816
0.0571489 -12.8057
0.0591803 -12.7223
0.0611334 -12.6589
0.0631647 -12.564
0.0651178 -12.4896
0.067071 -12.3976
0.0691023 -12.3075
0.0710554 -12.2207
0.0730858 -12.1291
0.0750389 -12.0438
0.076993 -11.9474
0.0790234 -11.8506
0.0809765 -11.7596
0.0830078 -11.657
0.0849609 -11.5564
0.0869141 -11.4501
0.0889454 -11.3433
0.0908985 -11.2398
0.0928516 -11.122
0.094883 -11.0095
0.0968361 -10.8903
0.0988674 -10.7711
0.100821 -10.6533
0.102774 -10.5284
0.104805 -10.3825
0.106758 -10.2547
0.108789 -10.1107
0.110743 -9.96617
0.112696 -9.80834
0.114727 -9.65528
0.11668 -9.48314
0.118711 -9.33007
0.120665 -9.15078
0.122618 -8.98341
0.124649 -8.79172
0.126602 -8.59526
0.128633 -8.39833
0.130587 -8.20426
0.13254 -7.98538
0.134571 -7.76842
0.136524 -7.51045
0.138477 -7.30255
0.140509 -7.07844
0.142462 -6.82237
0.144493 -6.55344
0.146446 -6.264
0.148399 -5.99649
0.150431 -5.70037
0.152384 -5.39662
0.154415 -5.08096
0.156368 -4.74669
0.158321 -4.42817
0.160352 -4.08436
0.162305 -3.73675
0.164336 -3.3734
0.166289 -2.98334
0.168242 -2.59949
0.170274 -2.20324
0.172227 -1.80555
0.17418 -1.37592
0.176211 -0.937228
0.178164 -0.505686
0.180196 -0.0884533
0.182149 0.375509
0.184102 0.847583
0.186133 1.3367
0.188087 1.82741
0.190118 2.33243
0.192071 2.81833
0.194024 3.36307
0.196055 3.86385
0.198009 4.39071
0.20004 4.92525
0.201993 5.45768
0.203946 5.99232
0.205977 6.54819
0.207931 7.10228
0.209962 7.69451
0.211915 8.20902
0.213868 8.77789
0.215899 9.32196
0.217853 9.877
0.219806 10.3863
0.221837 10.9141
0.22379 11.4682
0.225821 12.0175
0.227775 12.543
0.229728 13.0818
0.231759 13.5944
0.233712 14.1175
0.235744 14.6154
0.237697 15.086
0.23965 15.569
0.241681 16.0401
0.243634 16.4874
0.245665 16.9109
0.247618 17.3338
0.249571 17.7496
0.251602 18.1525
0.253555 18.5297
0.255587 18.8731
0.25754 19.2245
0.259493 19.5201
0.261524 19.8172
0.263477 20.1262
0.26543 20.3775
0.267462 20.6507
0.269415 20.8643
0.271446 21.0861
0.273399 21.2954
0.275352 21.457
0.277384 21.5958
0.279337 21.7307
0.281368 21.8399
0.283321 21.9806
0.285275 22.014
0.287306 22.0898
0.289259 22.1299
0.29129 22.1723
0.293243 22.1876
0.295197 22.1771
0.297228 22.1475
0.299181 22.0869
0.301134 22.0426
0.303165 21.9935
0.305119 21.9129
0.30715 21.8314
0.309103 21.7398
0.311056 21.6306
0.313087 21.5243
0.315041 21.4003
0.317072 21.2515
0.319025 21.1061
0.320978 20.9559
0.323009 20.8076
0.324963 20.6374
0.326994 20.4719
0.328947 20.2912
0.3309 20.1214
0.332931 19.9407
0.334884 19.749
0.336915 19.5635
0.338868 19.3542
0.340821 19.1782
0.342853 18.9799
0.344806 18.7901
0.346759 18.595
0.34879 18.4029
0.350743 18.2093
0.352775 18.0162
0.354728 17.8149
0.356681 17.6337
0.358712 17.4258
0.360665 17.2413
0.362697 17.0482
0.36465 16.8617
0.366603 16.6743
0.368634 16.4903
0.370587 16.3067
0.372619 16.1331
0.374572 15.9434
0.376525 15.7717
0.378556 15.5805
0.380509 15.4188
0.382541 15.2472
0.384494 15.076
0.386447 14.9143
0.388478 14.756
0.390431 14.5944
0.392385 14.4322
0.394416 14.2792
0.396369 14.1252
0.3984 13.9759
0.400353 13.8243
0.402307 13.6769
0.404338 13.5353
0.406291 13.3923
0.408322 13.253
0.410275 13.1209
0.412229 12.9807
0.414259 12.8515
0.416212 12.7185
0.418243 12.5874
0.420197 12.4662
0.42215 12.3427
0.424181 12.2169
0.426134 12.1
0.428087 11.9784
0.430119 11.873
0.432072 11.7495
0.434103 11.6418
0.436056 11.5316
0.438009 11.4224
0.440041 11.318
0.441994 11.2102
0.444025 11.1077
0.445978 11.01
0.447931 10.9075
0.449963 10.8121
0.451916 10.7139
0.453947 10.6209
0.4559 10.5245
0.457853 10.4363
0.459885 10.341
0.461838 10.2542
0.463869 10.1688
0.465822 10.0801
0.467775 9.99717
0.469807 9.91277
0.47176 9.83218
0.473713 9.74826
0.475744 9.66767
0.477697 9.59186
0.479729 9.51604
0.481682 9.43784
0.483635 9.36297
0.485666 9.28668
0.487619 9.21849
0.489651 9.14601
0.491604 9.07448
0.493557 9.00773
0.495588 8.93572
0.497541 8.86801
0.499572 8.8003
0.501525 8.73402
0.503478 8.67299
0.505509 8.60718
0.507463 8.54472
0.509494 8.4832
0.511447 8.41835
0.5134 8.36209
0.515431 8.30105
0.517385 8.24097
0.519338 8.1847
0.521369 8.12748
0.523322 8.07074
0.525353 8.01638
0.527307 7.96345
0.52926 7.9067
0.531291 7.85282
0.533244 7.80037
0.535275 7.7503
0.537229 7.69737
0.539182 7.64349
0.541213 7.59485
0.543166 7.54574
0.545197 7.49662
0.547151 7.44846
0.549104 7.40078
0.551135 7.355
0.553088 7.3078
0.555041 7.26202
0.557073 7.21863
0.559026 7.17285
0.561057 7.12946
0.56301 7.08464
0.564963 7.04315
0.566995 7.00262
0.568948 6.95684
0.570979 6.91345
0.572932 6.87339
0.574885 6.83191
0.576917 6.79376
0.57887 6.75275
0.580901 6.71365
0.582854 6.67741
0.584807 6.63688
0.586838 6.6016
0.588791 6.56297
0.590822 6.52339
0.592775 6.49002
0.594728 6.45235
0.59676 6.41563
0.598713 6.3813
0.600666 6.34887
0.602697 6.3112
0.60465 6.27878
0.606682 6.24492
0.608635 6.21107
0.610588 6.17673
0.612619 6.14288
0.614573 6.10998
0.616604 6.0828
0.618557 6.04656
0.62051 6.01604
0.622541 5.98552
0.624495 5.95691
0.626526 5.92639
0.628479 5.89635
0.630432 5.86536
0.632463 5.83532
0.634417 5.80671
0.636448 5.77905
0.638401 5.75092
0.640354 5.72374
0.642385 5.69656
0.644339 5.66843
0.646292 5.64268
0.648323 5.61454
0.650276 5.58784
0.652308 5.55923
0.654261 5.53491
0.656214 5.50916
0.658245 5.48293
0.660198 5.45909
0.66223 5.43525
0.664183 5.40854
0.666136 5.38566
0.668166 5.35991
0.67012 5.33607
0.672151 5.31604
0.674104 5.29029
0.676057 5.26788
0.678088 5.24594
0.680041 5.22305
0.681994 5.20303
0.684026 5.18014
0.685979 5.15725
0.68801 5.1377
0.689963 5.11577
0.691916 5.09622
0.693948 5.0781
0.695901 5.05425
0.697932 5.03232
0.699885 5.01468
0.697932 4.8721
0.695901 4.78103
0.693948 4.70473
0.691916 4.63845
