0.689963 6.42135
0.68801 6.35078
0.685979 6.28116
0.684026 6.21917
0.681994 6.15909
0.680041 6.09949
0.678088 6.04322
0.676057 5.98695
0.674104 5.93212
0.672151 5.88253
0.67012 5.83723
0.668166 5.78763
0.666136 5.74377
0.664183 5.69465
0.66223 5.64744
0.660198 5.60309
0.658245 5.56352
0.656214 5.52108
0.654261 5.48055
0.652308 5.44049
0.650276 5.39948
0.648323 5.35991
0.646292 5.31842
0.644339 5.28171
0.642385 5.24451
0.640354 5.21161
0.638401 5.17442
0.636448 5.13961
0.634417 5.09908
0.632463 5.06618
0.630432 5.03423
0.628479 5.00037
0.626526 4.96747
0.624495 4.93505
0.622541 4.90119
0.62051 4.86829
0.618557 4.83634
0.616604 4.80725
0.614573 4.7734
0.612619 4.7424
0.610588 4.71284
0.608635 4.68757
0.606682 4.65419
0.60465 4.61843
0.602697 4.59125
0.600666 4.5655
0.598713 4.53259
0.59676 4.50828
0.594728 4.47919
0.592775 4.45249
0.590822 4.42245
0.588791 4.39622
0.586838 4.36999
0.584807 4.34186
0.582854 4.31277
0.580901 4.29083
0.57887 4.26175
0.576917 4.2422
0.574885 4.20882
0.572932 4.18593
0.570979 4.15684
0.568948 4.13395
0.566995 4.1125
0.564963 4.08341
0.56301 4.061
0.561057 4.03239
0.559026 4.00807
0.557073 3.98661
0.555041 3.96086
0.553088 3.9375
0.551135 3.91413
0.549104 3.88981
0.547151 3.86693
0.545197 3.84308
0.543166 3.81829
0.541213 3.79206
0.539182 3.77394
0.537229 3.75344
0.535275 3.73198
0.533244 3.70575
0.531291 3.68382
0.52926 3.6595
0.527307 3.639
0.525353 3.61372
0.523322 3.59179
0.521369 3.57367
0.519338 3.55126
0.517385 3.52837
0.515431 3.50691
0.5134 3.48355
0.511447 3.46257
0.509494 3.44206
0.507463 3.42394
0.505509 3.39772
0.503478 3.38103
0.501525 3.35289
0.499572 3.33525
0.497541 3.31427
0.495588 3.29234
0.493557 3.27803
0.491604 3.25276
0.489651 3.23321
0.487619 3.21175
0.485666 3.18886
0.483635 3.16979
0.481682 3.14785
0.479729 3.1283
0.477697 3.10589
0.475744 3.08777
0.473713 3.06583
0.47176 3.04628
0.469807 3.02435
0.467775 3.0048
0.465822 2.98429
0.463869 2.96236
0.461838 2.94138
0.459885 2.92183
0.457853 2.90323
0.4559 2.88034
0.453947 2.8627
0.451916 2.83981
0.449963 2.82217
0.447931 2.79833
0.445978 2.77973
0.444025 2.75732
0.441994 2.73634
0.440041 2.71297
0.438009 2.69152
0.436056 2.67149
0.434103 2.64956
0.432072 2.63
0.430119 2.61093
0.428087 2.57946
0.426134 2.55991
0.424181 2.53702
0.42215 2.51652
0.420197 2.49363
0.418243 2.47122
0.416212 2.45024
0.414259 2.42687
0.412229 2.40112
0.410275 2.3768
0.408322 2.35201
0.406291 2.32864
0.404338 2.30623
0.402307 2.28191
0.400353 2.25283
0.3984 2.22898
0.396369 2.19942
0.394416 2.17558
0.392385 2.14602
0.390431 2.11884
0.388478 2.08927
0.386447 2.06066
0.384494 2.02967
0.382541 1.9982
0.380509 1.96577
0.378556 1.93335
0.376525 1.90712
0.374572 1.86754
0.372619 1.83845
0.370587 1.7941
0.368634 1.75977
0.366603 1.72019
0.36465 1.68252
0.362697 1.63675
0.360665 1.59622
0.358712 1.55235
0.356681 1.51134
0.354728 1.4565
0.352775 1.4112
0.350743 1.35923
0.34879 1.30344
0.346759 1.25194
0.344806 1.19138
0.342853 1.13178
0.340821 1.06931
0.338868 0.999694
0.336915 0.941043
0.334884 0.931958
0.332931 0.719717
0.3309 0.695684
0.328947 0.619485
0.326994 0.540092
0.324963 0.450637
0.323009 0.359608
0.320978 0.260712
0.319025 0.157142
0.317072 0.0537157
0.315041 -0.0568628
0.313087 -0.174404
0.311056 -0.299955
0.309103 -0.430418
0.30715 -0.566747
0.305119 -0.707701
0.303165 -0.855425
0.301134 -1.01579
0.299181 -1.17643
0.297228 -1.33255
0.295197 -1.50836
0.293243 -1.69171
0.29129 -1.89441
0.289259 -2.10641
0.287306 -2.31603
0.285275 -2.54611
0.283321 -2.75296
0.281368 -3.0248
0.279337 -3.27314
0.277384 -3.53598
0.275352 -3.80401
0.273399 -4.0882
0.271446 -4.39758
0.269415 -4.7192
0.267462 -5.02944
0.26543 -5.37991
0.263477 -5.71308
0.261524 -6.09355
0.259493 -6.32122
0.25754 -6.9125
0.255587 -7.26583
0.253555 -7.65875
0.251602 -8.09315
0.249571 -8.53947
0.247618 -8.99962
0.245665 -9.46788
0.243634 -9.94185
0.241681 -10.4416
0.23965 -10.9523
0.237697 -11.4806
0.235744 -11.997
0.233712 -12.5549
0.231759 -13.1271
0.229728 -13.696
0.227775 -14.2878
0.225821 -14.8676
0.22379 -15.4861
0.221837 -16.0983
0.219806 -16.702
0.217853 -17.289
0.215899 -17.9361
0.213868 -18.5822
0.211915 -19.2493
0.209962 -19.8539
0.207931 -20.5644
0.205977 -21.2057
0.203946 -21.8724
0.201993 -22.5285
0.20004 -23.1889
0.198009 -23.8594
0.196055 -24.5121
0.194024 -25.1459
0.192071 -25.8363
0.190118 -26.4634
0.188087 -27.1081
0.186133 -27.7227
0.184102 -28.3726
0.182149 -28.9844
0.180196 -29.5771
0.178164 -30.1241
0.176211 -30.6953
0.17418 -31.2752
0.172227 -31.8302
0.170274 -32.349
0.168242 -32.8454
0.166289 -33.3484
0.164336 -33.8391
0.162305 -34.2797
0.160352 -34.7213
0.158321 -35.1299
0.156368 -35.5114
0.154415 -35.9091
0.152384 -36.2619
0.150431 -36.6024
0.148399 -36.91
0.146446 -37.1674
0.144493 -37.4612
0.142462 -37.711
0.140509 -37.9232
0.138477 -38.0811
0.136524 -38.2089
0.134571 -38.4273
0.13254 -38.5522
0.130587 -38.6681
0.128633 -38.7482
0.126602 -38.8145
0.124649 -38.8783
0.122618 -38.9213
0.120665 -38.9194
0.118711 -38.901
0.11668 -38.8865
0.114727 -38.8769
0.112696 -38.8173
0.110743 -38.7749
0.108789 -38.6886
0.106758 -38.5918
0.104805 -38.4764
0.102774 -38.3886
0.100821 -38.2589
0.0988674 -38.0997
0.0968361 -37.9552
0.094883 -37.8093
0.0928516 -37.6605
0.0908985 -37.4993
0.0889454 -37.3177
0.0869141 -37.146
0.0849609 -36.9619
0.0830078 -36.7736
0.0809765 -36.5795
0.0790234 -36.3788
0.076993 -36.1961
0.0750389 -36.0002
0.0730858 -35.7913
0.0710554 -35.5891
0.0691023 -35.3855
0.067071 -35.1767
0.0651178 -34.9764
0.0631647 -34.7589
0.0611334 -34.563
0.0591803 -34.3293
0.0571489 -34.1319
0.0551958 -33.9259
0.0532427 -33.7237
0.0512114 -33.5177
0.0492582 -33.3203
0.0472269 -33.1105
0.0452738 -32.9288
0.0433207 -32.7214
0.0412893 -32.5288
0.0393362 -32.3209
0.0373831 -32.1387
0.0353518 -31.9489
0.0333986 -31.763
0.0313673 -31.567
0.0294142 -31.3944
0.0274611 -31.2103
0.0254297 -31.0272
0.0234766 -30.8436
0.0214453 -30.67
0.0194921 -30.4807
0.017539 -30.321
0.0155077 -30.1484
0.0135546 -29.9786
0.0115232 -29.8175
0.00957012 -29.6529
0.007617 -29.4985
0.00558567 -29.3382
0.00363255 -29.1737
0.00167942 -29.0269
-0.000351906 -28.8619
-0.00230503 -28.7255
-0.00433636 -28.5753
-0.00628948 -28.4284
-0.00824261 -28.283
-0.010273 -28.1366
-0.0122261 -28.0121
-0.0142574 -27.87
-0.0162106 -27.7294
-0.0181637 -27.5982
-0.020195 -27.4452
-0.0221481 -27.3269
-0.0241795 -27.2039
-0.0261326 -27.0675
-0.0280857 -26.9512
-0.030117 -26.8229
-0.0320702 -26.7042
-0.0341015 -26.5788
-0.0360546 -26.4619
-0.0380077 -26.3442
-0.0400391 -26.2292
-0.0419922 -26.1115
-0.0439453 -26.0109
-0.0459766 -25.9021
-0.0479298 -25.7877
-0.0499611 -25.6747
-0.0519142 -25.575
-0.0538673 -25.4649
-0.0558987 -25.369
-0.0578518 -25.2579
-0.0598831 -25.1506
-0.0618362 -25.0572
-0.0637894 -24.9618
-0.0658207 -24.8607
-0.0677738 -24.7696
-0.0698051 -24.6747
-0.0717583 -24.5846
-0.0737114 -24.4878
-0.0757427 -24.3963
-0.0776958 -24.3066
-0.0797272 -24.2218
-0.0816803 -24.1364
-0.0836334 -24.0463
-0.0856647 -23.9685
-0.0876179 -23.8808
-0.089571 -23.7955
-0.0916023 -23.7134
-0.0935555 -23.63
-0.0955858 -23.5551
-0.0975389 -23.4755
-0.0994921 -23.3859
-0.0975389 -22.941
-0.0955858 -22.6334
-0.0935555 -22.3764
-0.0916023 -22.157
-0.089571 -21.9415
-0.0876179 -21.7541
-0.0856647 -21.5791
-0.0836334 -21.4003
-0.0816803 -21.2367
-0.0797272 -21.0751
-0.0776958 -20.9187
-0.0757427 -20.7752
-0.0737114 -20.6297
-0.0717583 -20.4943
-0.0698051 -20.3546
-0.0677738 -20.2215
-0.0658207 -20.0909
-0.0637894 -19.9579
-0.0618362 -19.8406
-0.0598831 -19.7109
-0.0578518 -19.5969
-0.0558987 -19.4805
-0.0538673 -19.3585
-0.0519142 -19.2459
-0.0499611 -19.1234
-0.0479298 -19.018
-0.0459766 -18.9088
-0.0439453 -18.7987
-0.0419922 -18.6852
-0.0400391 -18.5822
-0.0380077 -18.4825
-0.0360546 -18.3781
-0.0341015 -18.2684
-0.0320702 -18.1745
-0.030117 -18.07
-0.0280857 -17.9704
-0.0261326 -17.866
-0.0241795 -17.7763
-0.0221481 -17.6748
-0.020195 -17.5737
-0.0181637 -17.4931
-0.0162106 -17.3982
-0.0142574 -17.3004
-0.0122261 -17.2055
-0.010273 -17.1045
-0.00824261 -17.0172
-0.00628948 -16.9228
-0.00433636 -16.8331
-0.00230503 -16.7397
-0.000351906 -16.6391
0.00167942 -16.5589
0.00363255 -16.466
0.00558567 -16.3782
0.007617 -16.2848
0.00957012 -16.1899
0.0115232 -16.1064
0.0135546 -16.0182
0.0155077 -15.9262
0.017539 -15.8408
0.0194921 -15.745
0.0214453 -15.6615
0.0234766 -15.5738
0.0254297 -15.4827
0.0274611 -15.3926
0.0294142 -15.3039
0.0313673 -15.2057
0.0333986 -15.1218
0.0353518 -15.0302
0.0373831 -14.9363
0.0393362 -14.839
0.0412893 -14.7532
0.0433207 -14.6597
0.0452738 -14.5734
0.0472269 -14.468
0.0492582 -14.3779
0.0512114 -14.2787
0.0532427 -14.1786
0.0551958 -14.0813
0.0571489 -13.9874
0.0591803 -13.8853
0.0611334 -13.8009
0.0631647 -13.686
0.0651178 -13.5882
0.067071 -13.4752
0.0691023 -13.3703
0.0710554 -13.2592
0.0730858 -13.1429
0.0750389 -13.0394
0.076993 -12.9216
0.0790234 -12.8
0.0809765 -12.6884
0.0830078 -12.5645
0.0849609 -12.4429
0.0869141 -12.3122
0.0889454 -12.1849
0.0908985 -12.0605
0.0928516 -11.916
0.094883 -11.7715
0.0968361 -11.6318
0.0988674 -11.4868
0.100821 -11.3519
0.102774 -11.1912
0.104805 -11.0243
0.106758 -10.8669
0.108789 -10.7005
0.110743 -10.5284
0.112696 -10.3381
0.114727 -10.1631
0.11668 -9.95902
0.118711 -9.78259
0.120665 -9.56897
0.122618 -9.37633
0.124649 -9.15173
0.126602 -8.92523
0.128633 -8.69683
0.130587 -8.46461
0.13254 -8.22237
0.134571 -7.96822
0.136524 -7.68021
0.138477 -7.43511
0.140509 -7.18477
0.142462 -6.89819
0.144493 -6.59397
0.146446 -6.26686
0.148399 -5.96836
0.150431 -5.64315
0.152384 -5.30078
0.154415 -4.95173
0.156368 -4.586
0.158321 -4.22884
0.160352 -3.855
0.162305 -3.46591
0.164336 -3.07156
0.166289 -2.65289
0.168242 -2.23423
0.170274 -1.80459
0.172227 -1.3721
0.17418 -0.907664
0.176211 -0.438452
0.178164 0.0340939
0.180196 0.487089
0.182149 0.972991
0.184102 1.29335
0.186133 2.12463
0.188087 2.55836
0.190118 3.0867
0.192071 3.60698
0.194024 4.1851
0.196055 4.71086
0.198009 5.2762
0.20004 5.83901
0.201993 6.25
0.203946 6.78518
0.205977 7.68641
0.207931 8.20044
0.209962 8.81651
0.211915 9.36535
0.213868 9.97952
0.215899 10.5646
0.217853 11.1702
0.219806 11.7219
0.221837 12.2998
0.22379 12.9045
0.225821 13.5096
0.227775 14.0865
0.229728 14.6831
0.231759 15.2572
0.233712 15.8437
0.235744 16.4159
0.237697 16.9543
0.23965 17.5088
0.241681 18.06
0.243634 18.5855
0.245665 19.0905
0.247618 19.5993
0.249571 20.099
0.251602 20.5921
0.253555 21.0655
0.255587 21.5042
0.25754 21.9525
0.259493 22.353
0.261524 22.7559
0.263477 23.1708
0.26543 23.5279
0.267462 23.9147
0.269415 24.2404
0.271446 24.5861
0.273399 24.9113
0.275352 25.1783
0.277384 25.4348
0.279337 25.6895
0.281368 25.9107
0.283321 26.1754
0.285275 26.3179
0.287306 26.5034
0.289259 26.6546
0.29129 26.8077
0.293243 26.9412
0.295197 27.027
0.297228 27.0909
0.299181 27.1262
0.301134 27.1829
0.303165 27.2292
0.305119 27.2406
0.30715 27.2444
0.309103 27.2301
0.311056 27.2001
0.313087 27.1724
0.315041 27.1047
0.317072 27.0208
0.319025 26.9288
0.320978 26.8329
0.323009 26.7352
0.324963 26.6155
0.326994 26.4782
0.328947 26.3351
0.3309 26.1982
0.332931 26.0333
0.334884 25.8664
0.336915 25.7033
0.338868 25.4959
0.340821 25.3342
0.342853 25.1359
0.344806 24.9465
0.346759 24.753
0.34879 24.5512
0.350743 24.3462
0.352775 24.1436
0.354728 23.9266
0.356681 23.7292
0.358712 23.4974
0.360665 23.2914
0.362697 23.0735
0.36465 22.8609
0.366603 22.6434
0.368634 22.4293
0.370587 22.2176
0.372619 22.0107
0.374572 21.7822
0.376525 21.5767
0.378556 21.3464
0.380509 21.1433
0.382541 20.9401
0.384494 20.7341
0.386447 20.5315
0.388478 20.3317
0.390431 20.1343
0.392385 19.9345
0.394416 19.7337
0.396369 19.5401
0.3984 19.3532
0.400353 19.162
0.402307 18.9737
0.404338 18.7901
0.406291 18.6098
0.408322 18.4315
0.410275 18.2574
0.412229 18.0791
0.414259 17.9079
0.416212 17.7372
0.418243 17.5651
0.420197 17.4072
0.42215 17.2456
0.424181 17.083
0.426134 16.928
0.428087 16.7716
0.430119 16.6286
0.432072 16.4703
0.434103 16.3263
0.436056 16.1784
0.438009 16.0421
0.440041 15.8995
0.441994 15.7574
0.444025 15.6243
0.445978 15.4918
0.447931 15.3559
0.449963 15.23
0.451916 15.1013
0.453947 14.972
0.4559 14.85
0.457853 14.7293
0.459885 14.603
0.461838 14.4842
0.463869 14.3683
0.465822 14.2544
0.467775 14.1433
0.469807 14.0331
0.47176 13.9254
0.473713 13.8124
0.475744 13.7027
0.477697 13.6059
0.479729 13.501
0.481682 13.3975
0.483635 13.2983
0.485666 13.1982
0.487619 13.1038
0.489651 13.0075
0.491604 12.9107
0.493557 12.8239
0.495588 12.7299
0.497541 12.6393
0.499572 12.5468
0.501525 12.4572
0.503478 12.3766
0.505509 12.2879
0.507463 12.2049
0.509494 12.1215
0.511447 12.0404
0.5134 11.9613
0.515431 11.8783
0.517385 11.7996
0.519338 11.7262
0.521369 11.6466
0.523322 11.5712
0.525353 11.4992
0.527307 11.4282
0.52926 11.3533
0.531291 11.278
0.533244 11.2117
0.535275 11.1468
0.537229 11.0729
0.539182 11.0023
0.541213 10.9389
0.543166 10.8707
0.545197 10.8083
0.547151 10.7434
0.549104 10.6776
0.551135 10.6147
0.553088 10.5088
0.555041 10.474
0.557073 10.4416
0.559026 10.3701
0.561057 10.3205
0.56301 10.2556
0.564963 10.2008
0.566995 10.1483
0.568948 10.0882
0.570979 10.0272
0.572932 9.97333
0.574885 9.92421
0.576917 9.87271
0.57887 9.80929
0.580901 9.76161
0.582854 9.7082
0.584807 9.66052
0.586838 9.60998
0.588791 9.55848
0.590822 9.50746
0.592775 9.46406
0.594728 9.41161
0.59676 9.36965
0.598713 9.32005
0.600666 9.27428
0.602697 9.22659
0.60465 9.18177
0.606682 9.13838
0.608635 9.09308
0.610588 9.04397
0.612619 9.00677
0.614573 8.96195
0.616604 8.92333
0.618557 8.87373
0.62051 8.83416
0.622541 8.79506
0.624495 8.755
0.626526 8.71399
0.628479 8.67346
0.630432 8.63484
0.632463 8.59717
0.634417 8.55855
0.636448 8.51897
0.638401 8.48034
0.640354 8.44744
0.642385 8.40643
0.644339 8.37258
0.646292 8.33157
0.648323 8.29867
0.650276 8.26624
0.652308 8.2281
0.654261 8.19567
0.656214 8.16134
0.658245 8.12558
0.660198 8.0941
0.66223 8.06263
0.664183 8.02591
0.666136 7.99683
0.668166 7.96249
0.67012 7.93245
0.672151 7.90146
0.674104 7.87571
0.676057 7.83756
0.678088 7.80895
0.680041 7.7813
0.681994 7.75412
0.684026 7.72312
0.685979 7.69642
0.68801 7.66447
0.689963 7.64015
0.691916 7.61154
0.693948 7.58532
0.695901 7.55623
0.697932 7.52523
0.699885 7.50044
0.697932 7.30541
0.695901 7.18096
0.693948 7.07891
0.691916 6.99022
