0.689963 2.11
0.68801 2.01941
0.685979 1.96695
0.684026 1.92881
0.681994 1.89543
0.680041 1.83177
0.678088 1.80221
0.676057 1.77503
0.674104 1.74976
0.672151 1.72449
0.67012 1.70303
0.668166 1.68109
0.666136 1.66297
0.664183 1.6377
0.66223 1.62101
0.660198 1.60289
0.658245 1.58191
0.656214 1.56475
0.654261 1.5471
0.652308 1.52851
0.650276 1.51468
0.648323 1.49417
0.646292 1.48082
0.644339 1.4689
0.642385 1.45174
0.640354 1.43648
0.638401 1.41883
0.636448 1.40501
0.634417 1.39213
0.632463 1.37592
0.630432 1.36495
0.628479 1.34826
0.626526 1.33729
0.624495 1.32299
0.622541 1.30773
0.62051 1.29533
0.618557 1.28246
0.616604 1.27578
0.614573 1.25719
0.612619 1.24383
0.610588 1.23716
0.608635 1.22476
0.606682 1.21236
0.60465 1.19901
0.602697 1.21406
0.600666 1.17867
0.598713 1.15345
0.59676 1.14816
0.594728 1.13213
0.592775 1.12603
0.590822 1.11549
0.588791 1.10591
0.586838 1.09809
0.584807 1.08216
0.582854 1.07091
0.580901 1.06123
0.57887 1.0526
0.576917 1.0464
0.574885 1.03424
0.572932 1.02113
0.570979 1.01507
0.568948 1.00143
0.566995 0.99347
0.564963 0.984315
0.56301 0.974015
0.561057 0.963954
0.559026 0.954703
0.557073 0.946073
0.555041 0.935725
0.553088 0.928048
0.551135 0.918511
0.549104 0.904921
0.547151 0.899056
0.545197 0.890473
0.543166 0.87941
0.541213 0.872544
0.539182 0.863532
0.537229 0.860575
0.535275 0.847462
0.533244 0.834731
0.531291 0.827435
0.52926 0.817755
0.527307 0.810316
0.525353 0.800446
0.523322 0.789812
0.521369 0.781658
0.519338 0.77894
0.517385 0.767639
0.515431 0.754097
0.5134 0.750139
0.511447 0.739124
0.509494 0.733259
0.507463 0.724724
0.505509 0.713375
0.503478 0.707939
0.501525 0.696972
0.499572 0.691584
0.497541 0.682476
0.495588 0.675418
0.493557 0.667026
0.491604 0.656106
0.489651 0.650146
0.487619 0.642469
0.485666 0.63422
0.483635 0.624397
0.481682 0.61548
0.479729 0.607994
0.477697 0.601747
0.475744 0.58954
0.473713 0.581958
0.47176 0.57452
0.469807 0.566366
0.467775 0.557401
0.465822 0.547769
0.463869 0.539519
0.461838 0.535419
0.459885 0.52221
0.457853 0.515344
0.4559 0.505807
0.453947 0.499656
0.451916 0.490262
0.449963 0.48392
0.447931 0.472428
0.445978 0.462272
0.444025 0.454213
0.441994 0.44439
0.440041 0.43657
0.438009 0.424458
0.436056 0.416209
0.434103 0.406672
0.432072 0.396468
0.430119 0.392891
0.428087 0.378014
0.426134 0.365044
0.424181 0.354411
0.42215 0.345112
0.420197 0.33734
0.418243 0.322033
0.416212 0.312878
0.414259 0.303484
0.412229 0.288893
0.410275 0.281645
0.408322 0.267864
0.406291 0.254847
0.404338 0.243069
0.402307 0.22657
0.400353 0.215984
0.3984 0.201965
0.396369 0.188375
0.394416 0.169969
0.392385 0.157953
0.390431 0.142074
0.388478 0.123048
0.386447 0.10717
0.384494 0.0886683
0.382541 0.0744586
0.380509 0.0525236
0.378556 0.0317335
0.376525 0.0181437
0.374572 -0.00751019
0.372619 -0.026536
0.370587 -0.0542402
0.368634 -0.0786548
0.366603 -0.104309
0.36465 -0.133157
0.362697 -0.161815
0.360665 -0.189425
0.358712 -0.217033
0.356681 -0.248791
0.354728 -0.289131
0.352775 -0.321986
0.350743 -0.360133
0.34879 -0.399567
0.346759 -0.443055
0.344806 -0.487687
0.342853 -0.534226
0.340821 -0.580242
0.338868 -0.637367
0.336915 -0.682857
0.334884 -0.740459
0.332931 -0.801685
0.3309 -0.867632
0.328947 -0.939874
0.326994 -1.00768
0.324963 -1.07959
0.323009 -1.16194
0.320978 -1.2513
0.319025 -1.33741
0.317072 -1.42906
0.315041 -1.52557
0.313087 -1.62614
0.311056 -1.74578
0.309103 -1.86218
0.30715 -1.98115
0.305119 -2.11237
0.303165 -2.24431
0.301134 -2.39452
0.299181 -2.54396
0.297228 -2.68973
0.295197 -2.85271
0.293243 -3.02437
0.29129 -3.21444
0.289259 -3.41386
0.287306 -3.6137
0.285275 -3.83338
0.283321 -4.03771
0.281368 -4.29544
0.279337 -4.53834
0.277384 -4.79526
0.275352 -5.05809
0.273399 -5.33132
0.271446 -5.63831
0.269415 -5.95474
0.267462 -6.13239
0.26543 -6.69839
0.263477 -6.97115
0.261524 -7.33593
0.259493 -7.70119
0.25754 -8.07264
0.255587 -8.4832
0.253555 -8.89042
0.251602 -9.32864
0.249571 -9.78307
0.247618 -10.2561
0.245665 -10.7315
0.243634 -11.2193
0.241681 -11.7295
0.23965 -12.2622
0.237697 -12.7967
0.235744 -13.3365
0.233712 -13.9025
0.231759 -14.4966
0.229728 -15.0898
0.227775 -15.7035
0.225821 -16.3172
0.22379 -16.9504
0.221837 -17.5956
0.219806 -18.2212
0.217853 -18.8344
0.215899 -19.5053
0.213868 -20.1748
0.211915 -20.8782
0.209962 -21.5147
0.207931 -22.251
0.205977 -22.9233
0.203946 -23.6243
0.201993 -24.3133
0.20004 -24.9952
0.198009 -25.6866
0.196055 -26.3756
0.194024 -27.0313
0.192071 -27.7485
0.190118 -28.3984
0.188087 -29.0726
0.186133 -29.7116
0.184102 -30.3797
0.182149 -31.0053
0.180196 -31.6213
0.178164 -32.1702
0.176211 -32.7553
0.17418 -33.347
0.172227 -33.9078
0.170274 -34.4328
0.168242 -34.9463
0.166289 -35.4465
0.164336 -35.9358
0.162305 -36.3807
0.160352 -36.8108
0.158321 -37.2204
0.156368 -37.5885
0.154415 -37.9728
0.152384 -38.3147
0.150431 -38.6404
0.148399 -38.9337
0.146446 -39.173
0.144493 -39.4539
0.142462 -39.6775
0.140509 -39.874
0.138477 -39.998
0.136524 -40.1072
0.134571 -40.2969
0.13254 -40.4038
0.130587 -40.4939
0.128633 -40.554
0.126602 -40.595
0.124649 -40.6374
0.122618 -40.656
0.120665 -40.6212
0.118711 -40.6193
0.11668 -40.553
0.114727 -40.5206
0.112696 -40.4452
0.110743 -40.3713
0.108789 -40.2655
0.106758 -40.1539
0.104805 -40.0175
0.102774 -39.9126
0.100821 -39.7672
0.0988674 -39.596
0.0968361 -39.4296
0.094883 -39.2732
0.0928516 -39.1034
0.0908985 -38.9318
0.0889454 -38.7372
0.0869141 -38.5551
0.0849609 -38.3643
0.0830078 -38.1655
0.0809765 -37.9666
0.0790234 -37.7521
0.076993 -37.5546
0.0750389 -37.3544
0.0730858 -37.136
0.0710554 -36.9386
0.0691023 -36.7264
0.067071 -36.5128
0.0651178 -36.3058
0.0631647 -36.0803
0.0611334 -35.8828
0.0591803 -35.6382
0.0571489 -35.4399
0.0551958 -35.2324
0.0532427 -35.0288
0.0512114 -34.8243
0.0492582 -34.6226
0.0472269 -34.4094
0.0452738 -34.2182
0.0433207 -34.0103
0.0412893 -33.8105
0.0393362 -33.6045
0.0373831 -33.2087
0.0353518 -31.7391
0.0333986 -31.8221
0.0313673 -32.5116
0.0294142 -32.4978
0.0274611 -32.2856
0.0254297 -32.1983
0.0234766 -31.9814
0.0214453 -31.844
0.0194921 -31.6561
0.017539 -31.5107
0.0155077 -31.3462
0.0135546 -31.1712
0.0115232 -31.0434
0.00957012 -30.8593
0.007617 -30.7177
0.00558567 -30.5618
0.00363255 -30.4145
0.00167942 -30.2542
-0.000351906 -30.0893
-0.00230503 -29.9462
-0.00433636 -29.8127
-0.00628948 -29.6739
-0.00824261 -29.5309
-0.010273 -29.3797
-0.0122261 -29.2557
-0.0142574 -29.0984
-0.0162106 -28.9544
-0.0181637 -28.8228
-0.020195 -28.6864
-0.0221481 -28.581
-0.0241795 -28.4489
-0.0261326 -28.3102
-0.0280857 -28.1805
-0.030117 -28.0403
-0.0320702 -27.9282
-0.0341015 -27.8143
-0.0360546 -27.7036
-0.0380077 -27.5816
-0.0400391 -27.4623
-0.0419922 -27.3355
-0.0439453 -27.2297
-0.0459766 -27.1042
-0.0479298 -27.0032
-0.0499611 -26.9044
-0.0519142 -26.7957
-0.0538673 -26.6908
-0.0558987 -26.5816
-0.0578518 -26.45
-0.0598831 -26.3413
-0.0618362 -26.2569
-0.0637894 -26.1663
-0.0658207 -26.0757
-0.0677738 -25.9827
-0.0698051 -25.8859
-0.0717583 -25.7672
-0.0737114 -25.6732
-0.0757427 -25.5769
-0.0776958 -25.4968
-0.0797272 -25.4115
-0.0816803 -25.3299
-0.0836334 -25.2341
-0.0856647 -25.1344
-0.0876179 -25.04
-0.089571 -24.9523
-0.0916023 -24.8788
-0.0935555 -24.8059
-0.0955858 -24.732
-0.0975389 -24.6438
-0.0994921 -24.546
-0.0975389 -24.0839
-0.0955858 -23.7583
-0.0935555 -23.5041
-0.0916023 -23.2876
-0.089571 -23.0821
-0.0876179 -22.8814
-0.0856647 -22.6863
-0.0836334 -22.4894
-0.0816803 -22.3249
-0.0797272 -22.1589
-0.0776958 -22.0173
-0.0757427 -21.8771
-0.0737114 -21.7288
-0.0717583 -21.5791
-0.0698051 -21.4218
-0.0677738 -21.2787
-0.0658207 -21.1433
-0.0637894 -21.0198
-0.0618362 -20.9039
-0.0598831 -20.7804
-0.0578518 -20.6564
-0.0558987 -20.5239
-0.0538673 -20.3889
-0.0519142 -20.2678
-0.0499611 -20.1557
-0.0479298 -20.0589
-0.0459766 -19.954
-0.0439453 -19.8277
-0.0419922 -19.7032
-0.0400391 -19.5902
-0.0380077 -19.4753
-0.0360546 -19.3747
-0.0341015 -19.2788
-0.0320702 -19.1777
-0.030117 -19.0728
-0.0280857 -18.9613
-0.0261326 -18.8416
-0.0241795 -18.7433
-0.0221481 -18.6446
-0.020195 -18.5469
-0.0181637 -18.4768
-0.0162106 -18.3724
-0.0142574 -18.2675
-0.0122261 -18.1587
-0.010273 -18.0476
-0.00824261 -17.9589
-0.00628948 -17.8664
-0.00433636 -17.7797
-0.00230503 -17.6881
-0.000351906 -17.5813
0.00167942 -17.4888
0.00363255 -17.3815
0.00558567 -17.2866
0.007617 -17.2036
0.00957012 -17.1154
0.0115232 -17.0348
0.0135546 -16.9352
0.0155077 -16.8355
0.017539 -16.7287
0.0194921 -16.6257
0.0214453 -16.5527
0.0234766 -16.4593
0.0254297 -16.3768
0.0274611 -16.2829
0.0294142 -16.1818
0.0313673 -16.0726
0.0333986 -15.9815
0.0353518 -15.8837
0.0373831 -15.796
0.0393362 -15.7068
0.0412893 -15.6191
0.0433207 -15.5151
0.0452738 -15.4098
0.0472269 -15.2982
0.0492582 -15.2062
0.0512114 -15.1103
0.0532427 -15.0149
0.0551958 -14.9215
0.0571489 -14.8142
0.0591803 -14.6964
0.0611334 -14.6044
0.0631647 -14.4847
0.0651178 -14.3827
0.067071 -14.2806
0.0691023 -14.1733
0.0710554 -14.0584
0.0730858 -13.9301
0.0750389 -13.8109
0.076993 -13.6836
0.0790234 -13.5644
0.0809765 -13.4528
0.0830078 -13.3298
0.0849609 -13.2063
0.0869141 -13.0675
0.0889454 -12.925
0.0908985 -12.79
0.0928516 -12.6446
0.094883 -12.5015
0.0968361 -12.358
0.0988674 -12.2173
0.100821 -12.0671
0.102774 -11.9083
0.104805 -11.7238
0.106758 -11.5645
0.108789 -11.3881
0.110743 -11.2212
0.112696 -11.0314
0.114727 -10.8469
0.11668 -10.6371
0.118711 -10.4478
0.120665 -10.2294
0.122618 -10.0263
0.124649 -9.80786
0.126602 -9.57517
0.128633 -9.34628
0.130587 -9.10882
0.13254 -8.84703
0.134571 -8.58572
0.136524 -8.29342
0.138477 -8.04928
0.140509 -7.79131
0.142462 -7.50044
0.144493 -7.18859
0.146446 -6.8567
0.148399 -6.55344
0.150431 -6.21583
0.152384 -5.87156
0.154415 -5.52251
0.156368 -5.14676
0.158321 -4.79152
0.160352 -4.40337
0.162305 -4.01331
0.164336 -3.61325
0.166289 -3.18696
0.168242 -2.764
0.170274 -2.3358
0.172227 -1.89472
0.17418 -1.43028
0.176211 -0.952487
0.178164 -0.473738
0.180196 -0.0216961
0.182149 0.467539
0.184102 0.982528
0.186133 1.31763
0.188087 2.12549
0.190118 2.60604
0.192071 3.11559
0.194024 3.69705
0.196055 4.22854
0.198009 4.7852
0.20004 5.35278
0.201993 5.92313
0.203946 6.25
0.205977 6.89104
0.207931 7.77557
0.209962 8.34111
0.211915 8.88041
0.213868 9.49267
0.215899 10.0773
0.217853 10.6838
0.219806 11.235
0.221837 11.8092
0.22379 12.4128
0.225821 13.0108
0.227775 13.5873
0.229728 14.1771
0.231759 14.7565
0.233712 15.3344
0.235744 15.8985
0.237697 16.4335
0.23965 16.9867
0.241681 17.5336
0.243634 18.0529
0.245665 18.555
0.247618 19.0581
0.249571 19.5545
0.251602 20.0494
0.253555 20.5162
0.255587 20.9459
0.25754 21.3903
0.259493 21.7813
0.261524 22.1828
0.263477 22.5871
0.26543 22.9405
0.267462 23.3253
0.269415 23.6371
0.271446 23.9709
0.273399 24.2909
0.275352 24.556
0.277384 24.8102
0.279337 25.0619
0.281368 25.2784
0.283321 25.5226
0.285275 25.6604
0.287306 25.844
0.289259 25.9889
0.29129 26.1382
0.293243 26.2621
0.295197 26.3465
0.297228 26.4124
0.299181 26.4352
0.301134 26.4786
0.303165 26.5268
0.305119 26.5301
0.30715 26.5292
0.309103 26.5154
0.311056 26.4739
0.313087 26.4338
0.315041 26.3661
0.317072 26.2893
0.319025 26.192
0.320978 26.091
0.323009 25.9861
0.324963 25.8602
0.326994 25.7243
0.328947 25.5793
0.3309 25.4339
0.332931 25.2746
0.334884 25.1001
0.336915 24.9356
0.338868 24.7296
0.340821 24.5608
0.342853 24.3586
0.344806 24.165
0.346759 23.9743
0.34879 23.7688
0.350743 23.5656
0.352775 23.3582
0.354728 23.1455
0.356681 22.9524
0.358712 22.7116
0.360665 22.5051
0.362697 22.2934
0.36465 22.0788
0.366603 21.8686
0.368634 21.6511
0.370587 21.4399
0.372619 21.2286
0.374572 21.0055
0.376525 20.7938
0.378556 20.5668
0.380509 20.3718
0.382541 20.1667
0.384494 19.9574
0.386447 19.7609
0.388478 19.5611
0.390431 19.3628
0.392385 19.163
0.394416 18.9689
0.396369 18.7801
0.3984 18.5936
0.400353 18.4048
0.402307 18.2098
0.404338 18.0319
0.406291 17.8569
0.408322 17.6771
0.410275 17.5102
0.412229 17.3286
0.414259 17.1674
0.416212 16.9929
0.418243 16.8245
0.420197 16.6639
0.42215 16.5046
0.424181 16.3468
0.426134 16.1961
0.428087 16.0473
0.430119 15.9019
0.432072 15.7416
0.434103 15.5967
0.436056 15.4551
0.438009 15.3187
0.440041 15.1847
0.441994 15.0469
0.444025 14.9086
0.445978 14.7784
0.447931 14.6421
0.449963 14.5224
0.451916 14.3922
0.453947 14.2749
0.4559 14.1471
0.457853 14.0284
0.459885 13.9044
0.461838 13.789
0.463869 13.6741
0.465822 13.563
0.467775 13.4543
0.469807 13.3498
0.47176 13.2435
0.473713 13.1338
0.475744 13.0256
0.477697 12.9273
0.479729 12.8224
0.481682 12.7266
0.483635 12.6327
0.485666 12.5335
0.487619 12.4391
0.489651 12.3294
0.491604 12.254
0.493557 12.1682
0.495588 12.0714
0.497541 11.9861
0.499572 11.8931
0.501525 11.8111
0.503478 11.7271
0.505509 11.6384
0.507463 11.5602
0.509494 11.4754
0.511447 11.3981
0.5134 11.3218
0.515431 11.2441
0.517385 11.1669
0.519338 11.0887
0.521369 11.0147
0.523322 10.9451
0.525353 10.8707
0.527307 10.8045
0.52926 10.7291
0.531291 10.6633
0.533244 10.5913
0.535275 10.5245
0.537229 10.4545
0.539182 10.3853
0.541213 10.3228
0.543166 10.2613
0.545197 10.1993
0.547151 10.1378
0.549104 10.0692
0.551135 10.0134
0.553088 9.94948
0.555041 9.89036
0.557073 9.83886
0.559026 9.77687
0.561057 9.71869
0.56301 9.66338
0.564963 9.60664
0.566995 9.55371
0.568948 9.4941
0.570979 9.44404
0.572932 9.39158
0.574885 9.3439
0.576917 9.28763
0.57887 9.23184
0.580901 9.18225
0.582854 9.13361
0.584807 9.08926
0.586838 9.03824
0.588791 8.99008
0.590822 8.94145
0.592775 8.89567
0.594728 8.84608
0.59676 8.80078
0.598713 8.75786
0.600666 8.71447
0.602697 8.66917
0.60465 8.6253
0.606682 8.58
0.608635 8.53613
0.610588 8.49226
0.612619 8.45364
0.614573 8.41359
0.616604 8.37258
0.618557 8.32728
0.62051 8.29056
0.622541 8.24574
0.624495 8.20902
0.626526 8.17278
0.628479 8.13273
0.630432 8.09601
0.632463 8.05929
0.634417 8.0221
0.636448 7.983
0.638401 7.94628
0.640354 7.91338
0.642385 7.87905
0.644339 7.84328
0.646292 7.80943
0.648323 7.77462
0.650276 7.73886
0.652308 7.705
0.654261 7.67305
0.656214 7.63777
0.658245 7.6082
0.660198 7.57864
0.66223 7.54526
0.664183 7.51141
0.666136 7.48327
0.668166 7.44799
0.67012 7.42414
0.672151 7.39124
0.674104 7.36406
0.676057 7.33116
0.678088 7.3035
0.680041 7.27585
0.681994 7.2501
0.684026 7.22054
0.685979 7.19097
0.68801 7.16475
0.689963 7.14138
0.691916 7.11182
0.693948 7.0875
0.695901 7.05889
0.697932 7.03075
0.699885 7.00596
0.697932 6.81522
0.695901 6.69219
0.693948 6.59301
0.691916 6.50241
