0.689963 0.54121
0.68801 0.498295
0.685979 0.474453
0.684026 0.455379
0.681994 0.436306
0.680041 0.381708
0.678088 0.367403
0.676057 0.353575
0.674104 0.341177
0.672151 0.328779
0.67012 0.315215
0.668166 0.302626
0.666136 0.292564
0.664183 0.280357
0.66223 0.270487
0.660198 0.264479
0.658245 0.255419
0.656214 0.246597
0.654261 0.237585
0.652308 0.22986
0.650276 0.222136
0.648323 0.215078
0.646292 0.208593
0.644339 0.20063
0.642385 0.192667
0.640354 0.188614
0.638401 0.179744
0.636448 0.172163
0.634417 0.167442
0.632463 0.162912
0.630432 0.156093
0.628479 0.150323
0.626526 0.144649
0.624495 0.140071
0.622541 0.132013
0.62051 0.128294
0.618557 0.123239
0.616604 0.121046
0.614573 0.113559
0.612619 0.109315
0.610588 0.104452
0.608635 0.101161
0.606682 0.0958209
0.60465 0.0903373
0.602697 0.0852828
0.600666 0.0832801
0.598713 0.0768905
0.59676 0.0741725
0.594728 0.069118
0.592775 0.0643973
0.590822 0.0608683
0.588791 0.0575781
0.586838 0.0540018
0.584807 0.0491858
0.582854 0.0463247
0.580901 0.0421286
0.57887 0.0387907
0.576917 0.0368834
0.574885 0.0327826
0.572932 0.0287294
0.570979 0.0254869
0.568948 0.0224829
0.566995 0.0190973
0.564963 0.0136137
0.56301 0.0124693
0.561057 0.00846386
0.559026 0.00698566
0.557073 0.00326633
0.555041 -0.000214577
0.553088 -0.00326633
0.551135 -0.00593662
0.549104 -0.00874996
0.547151 -0.0117064
0.545197 -0.0148058
0.543166 -0.0173807
0.541213 -0.0217676
0.539182 -0.0231981
0.537229 -0.0246763
0.535275 -0.0283003
0.533244 -0.0321627
0.531291 -0.0338316
0.52926 -0.0380278
0.527307 -0.0380754
0.525353 -0.0416994
0.523322 -0.0447512
0.521369 -0.0479937
0.519338 -0.0493288
0.517385 -0.0528097
0.515431 -0.0558615
0.5134 -0.0580072
0.511447 -0.0605345
0.509494 -0.0634437
0.507463 -0.0651603
0.505509 -0.0668769
0.503478 -0.0704532
0.501525 -0.073648
0.499572 -0.0757937
0.497541 -0.0762229
0.495588 -0.0812774
0.493557 -0.0818496
0.491604 -0.0842338
0.489651 -0.0877624
0.487619 -0.0897174
0.485666 -0.0928168
0.483635 -0.0927215
0.481682 -0.0965362
0.479729 -0.0969653
0.477697 -0.102163
0.475744 -0.104356
0.473713 -0.105548
0.47176 -0.107837
0.469807 -0.110317
0.467775 -0.113893
0.465822 -0.114656
0.463869 -0.116277
0.461838 -0.119663
0.459885 -0.122619
0.457853 -0.12405
0.4559 -0.127912
0.453947 -0.129152
0.451916 -0.131679
0.449963 -0.135065
0.447931 -0.138546
0.445978 -0.14031
0.444025 -0.143075
0.441994 -0.14689
0.440041 -0.148798
0.438009 -0.151086
0.436056 -0.154233
0.434103 -0.157142
0.432072 -0.160766
0.430119 -0.162149
0.428087 -0.16706
0.426134 -0.169731
0.424181 -0.173164
0.42215 -0.175119
0.420197 -0.178743
0.418243 -0.184083
0.416212 -0.186134
0.414259 -0.191093
0.412229 -0.194384
0.410275 -0.199152
0.408322 -0.203014
0.406291 -0.207592
0.404338 -0.21279
0.402307 -0.215937
0.400353 -0.221897
0.3984 -0.226856
0.396369 -0.234819
0.394416 -0.240303
0.392385 -0.245644
0.390431 -0.253511
0.388478 -0.258614
0.386447 -0.268198
0.384494 -0.27516
0.382541 -0.283409
0.380509 -0.291658
0.378556 -0.300671
0.376525 -0.308538
0.374572 -0.320651
0.372619 -0.329424
0.370587 -0.341631
0.368634 -0.35546
0.366603 -0.368334
0.36465 -0.381876
0.362697 -0.396706
0.360665 -0.411011
0.358712 -0.430705
0.356681 -0.444772
0.354728 -0.466086
0.352775 -0.484921
0.350743 -0.507333
0.34879 -0.530936
0.346759 -0.555017
0.344806 -0.580575
0.342853 -0.609233
0.340821 -0.634887
0.338868 -0.671461
0.336915 -0.699308
0.334884 -0.736502
0.332931 -0.773314
0.3309 -0.81456
0.328947 -0.857762
0.326994 -0.902346
0.324963 -0.951365
0.323009 -1.0063
0.320978 -1.06218
0.319025 -1.11897
0.317072 -1.1812
0.315041 -1.24705
0.313087 -1.31758
0.311056 -1.39673
0.309103 -1.47765
0.30715 -1.56472
0.305119 -1.65394
0.303165 -1.74835
0.301134 -1.85321
0.299181 -1.96136
0.297228 -2.06464
0.295197 -2.18252
0.293243 -2.31121
0.29129 -2.45055
0.289259 -2.59775
0.287306 -2.74843
0.285275 -2.91113
0.283321 -3.05904
0.281368 -3.25807
0.279337 -3.44042
0.277384 -3.63454
0.275352 -3.83433
0.273399 -4.0451
0.271446 -4.2798
0.269415 -4.52637
0.267462 -4.76412
0.26543 -5.03759
0.263477 -5.2937
0.261524 -5.58562
0.259493 -5.87392
0.25754 -6.16426
0.255587 -6.49431
0.253555 -6.81427
0.251602 -7.15807
0.249571 -7.51951
0.247618 -7.88954
0.245665 -8.26386
0.243634 -8.64867
0.241681 -9.04826
0.23965 -9.46168
0.237697 -9.88845
0.235744 -10.3028
0.233712 -10.7491
0.231759 -11.2055
0.229728 -11.6685
0.227775 -12.1387
0.225821 -12.605
0.22379 -13.0919
0.221837 -13.5844
0.219806 -14.0508
0.217853 -14.5047
0.215899 -15.0025
0.213868 -15.4985
0.211915 -16.013
0.209962 -16.4683
0.207931 -17.0034
0.205977 -17.473
0.203946 -17.9632
0.201993 -18.4324
0.20004 -18.8959
0.198009 -19.3623
0.196055 -19.8158
0.194024 -20.2354
0.192071 -20.6984
0.190118 -21.0923
0.188087 -21.5047
0.186133 -21.88
0.184102 -22.2743
0.182149 -22.6282
0.180196 -22.9643
0.178164 -23.2347
0.176211 -23.5408
0.17418 -23.8398
0.172227 -24.1078
0.170274 -24.3414
0.168242 -24.5546
0.166289 -24.7606
0.164336 -24.9523
0.162305 -25.1091
0.160352 -25.2503
0.158321 -25.3638
0.156368 -25.4563
0.154415 -25.5631
0.152384 -25.6265
0.150431 -25.6828
0.148399 -25.7138
0.146446 -25.71
0.144493 -25.7333
0.142462 -25.7152
0.140509 -25.6823
0.138477 -25.6041
0.136524 -25.5245
0.134571 -25.4987
0.13254 -25.4181
0.130587 -25.3318
0.128633 -25.2274
0.126602 -25.1177
0.124649 -25.0133
0.122618 -24.8955
0.120665 -24.7549
0.118711 -24.6328
0.11668 -24.4807
0.114727 -24.3515
0.112696 -24.2036
0.110743 -24.0601
0.108789 -23.907
0.106758 -23.7492
0.104805 -23.5895
0.102774 -23.444
0.100821 -23.2814
0.0988674 -23.1107
0.0968361 -22.9519
0.094883 -22.795
0.0928516 -22.641
0.0908985 -22.4875
0.0889454 -22.3225
0.0869141 -22.169
0.0849609 -22.0178
0.0830078 -21.8604
0.0809765 -21.7112
0.0790234 -21.5586
0.076993 -21.4136
0.0750389 -21.2677
0.0730858 -21.1194
0.0710554 -20.9788
0.0691023 -20.8352
0.067071 -20.6984
0.0651178 -20.5625
0.0631647 -20.4218
0.0611334 -20.295
0.0591803 -20.1491
0.0571489 -20.0241
0.0551958 -19.8963
0.0532427 -19.7695
0.0512114 -19.6489
0.0492582 -19.5292
0.0472269 -19.409
0.0452738 -19.296
0.0433207 -19.1725
0.0412893 -19.0652
0.0393362 -18.946
0.0373831 -18.8416
0.0353518 -18.7362
0.0333986 -18.6275
0.0313673 -18.5178
0.0294142 -18.4224
0.0274611 -18.3209
0.0254297 -18.2212
0.0234766 -18.1192
0.0214453 -18.0267
0.0194921 -17.9256
0.017539 -17.8374
0.0155077 -17.7448
0.0135546 -17.6562
0.0115232 -17.567
0.00957012 -17.4802
0.007617 -17.3958
0.00558567 -17.31
0.00363255 -17.2294
0.00167942 -17.145
-0.000351906 -17.0634
-0.00230503 -16.9891
-0.00433636 -16.909
-0.00628948 -16.8355
-0.00824261 -16.7568
-0.010273 -16.6801
-0.0122261 -16.6104
-0.0142574 -16.5389
-0.0162106 -16.4669
-0.0181637 -16.3973
-0.020195 -16.3196
-0.0221481 -16.2585
-0.0241795 -16.1932
-0.0261326 -16.1255
-0.0280857 -16.0607
-0.030117 -15.9987
-0.0320702 -15.9319
-0.0341015 -15.8718
-0.0360546 -15.8137
-0.0380077 -15.7483
-0.0400391 -15.6916
-0.0419922 -15.6296
-0.0439453 -15.5757
-0.0459766 -15.5171
-0.0479298 -15.4603
-0.0499611 -15.4031
-0.0519142 -15.3497
-0.0538673 -15.2939
-0.0558987 -15.2433
-0.0578518 -15.1895
-0.0598831 -15.1342
-0.0618362 -15.0846
-0.0637894 -15.0364
-0.0658207 -14.9835
-0.0677738 -14.9348
-0.0698051 -14.8876
-0.0717583 -14.8395
-0.0737114 -14.7908
-0.0757427 -14.7431
-0.0776958 -14.6983
-0.0797272 -14.6502
-0.0816803 -14.6092
-0.0836334 -14.5615
-0.0856647 -14.519
-0.0876179 -14.4752
-0.089571 -14.4332
-0.0916023 -14.3936
-0.0935555 -14.3478
-0.0955858 -14.3049
-0.0975389 -14.2673
-0.0994921 -14.221
-0.0975389 -14.036
-0.0955858 -13.8968
-0.0935555 -13.779
-0.0916023 -13.6731
-0.089571 -13.573
-0.0876179 -13.4857
-0.0856647 -13.4013
-0.0836334 -13.316
-0.0816803 -13.2373
-0.0797272 -13.1629
-0.0776958 -13.0876
-0.0757427 -13.0184
-0.0737114 -12.9502
-0.0717583 -12.8806
-0.0698051 -12.8162
-0.0677738 -12.7509
-0.0658207 -12.687
-0.0637894 -12.626
-0.0618362 -12.5645
-0.0598831 -12.5058
-0.0578518 -12.4462
-0.0558987 -12.3914
-0.0538673 -12.3322
-0.0519142 -12.2769
-0.0499611 -12.2207
-0.0479298 -12.1687
-0.0459766 -12.1162
-0.0439453 -12.0614
-0.0419922 -12.0056
-0.0400391 -11.957
-0.0380077 -11.905
-0.0360546 -11.8573
-0.0341015 -11.8025
-0.0320702 -11.7562
-0.030117 -11.7042
-0.0280857 -11.6604
-0.0261326 -11.6098
-0.0241795 -11.5617
-0.0221481 -11.5121
-0.020195 -11.4668
-0.0181637 -11.4248
-0.0162106 -11.3781
-0.0142574 -11.3295
-0.0122261 -11.2842
-0.010273 -11.2355
-0.00824261 -11.1912
-0.00628948 -11.1483
-0.00433636 -11.102
-0.00230503 -11.0567
-0.000351906 -11.009
0.00167942 -10.9699
0.00363255 -10.9251
0.00558567 -10.8831
0.007617 -10.8388
0.00957012 -10.7921
0.0115232 -10.7501
0.0135546 -10.7043
0.0155077 -10.6605
0.017539 -10.618
0.0194921 -10.5741
0.0214453 -10.5341
0.0234766 -10.4897
0.0254297 -10.4463
0.0274611 -10.402
0.0294142 -10.3572
0.0313673 -10.3095
0.0333986 -10.269
0.0353518 -10.2251
0.0373831 -10.1774
0.0393362 -10.1312
0.0412893 -10.0906
0.0433207 -10.041
0.0452738 -9.99621
0.0472269 -9.94615
0.0492582 -9.90228
0.0512114 -9.85745
0.0532427 -9.805
0.0551958 -9.75827
0.0571489 -9.7063
0.0591803 -9.65528
0.0611334 -9.61522
0.0631647 -9.558
0.0651178 -9.50698
0.067071 -9.45262
0.0691023 -9.3954
0.0710554 -9.34056
0.0730858 -9.27905
0.0750389 -9.22421
0.076993 -9.16127
0.0790234 -9.10309
0.0809765 -9.0411
0.0830078 -8.97721
0.0849609 -8.91236
0.0869141 -8.84131
0.0889454 -8.77121
0.0908985 -8.70255
0.0928516 -8.62483
0.094883 -8.54805
0.0968361 -8.46842
0.0988674 -8.39022
0.100821 -8.31011
0.102774 -8.2219
0.104805 -8.1251
0.106758 -8.03497
0.108789 -7.93722
0.110743 -7.83566
0.112696 -7.72789
0.114727 -7.61965
0.11668 -7.49853
0.118711 -7.38838
0.120665 -7.25964
0.122618 -7.13709
0.124649 -6.99976
0.126602 -6.85861
0.128633 -6.71222
0.130587 -6.56679
0.13254 -6.40514
0.134571 -6.23872
0.136524 -6.04894
0.138477 -5.89349
0.140509 -5.72278
0.142462 -5.52489
0.144493 -5.31985
0.146446 -5.09479
0.148399 -4.89022
0.150431 -4.66086
0.152384 -4.41625
0.154415 -4.1721
0.156368 -3.90269
0.158321 -3.64949
0.160352 -3.37626
0.162305 -3.09254
0.164336 -2.80405
0.166289 -2.49077
0.168242 -2.17463
0.170274 -1.85133
0.172227 -1.52135
0.17418 -1.17231
0.176211 -0.807528
0.178164 -0.442266
0.180196 -0.101328
0.182149 0.282526
0.184102 0.676277
0.186133 1.0937
0.188087 1.49115
0.190118 1.92011
0.192071 2.33444
0.194024 2.79273
0.196055 3.2123
0.198009 3.6569
0.20004 4.10751
0.201993 4.5545
0.203946 5.00898
0.205977 5.47218
0.207931 5.92446
0.209962 6.25
0.211915 6.86195
0.213868 7.33879
0.215899 7.79036
0.217853 8.25242
0.219806 8.66774
0.221837 9.09689
0.22379 9.55085
0.225821 9.99621
0.227775 10.4149
0.229728 10.8483
0.231759 11.256
0.233712 11.6675
0.235744 12.0519
0.237697 12.4071
0.23965 12.7762
0.241681 13.1314
0.243634 13.4619
0.245665 13.7718
0.247618 14.0684
0.249571 14.3607
0.251602 14.6359
0.253555 14.8895
0.255587 15.1079
0.25754 15.332
0.259493 15.507
0.261524 15.6849
0.263477 15.858
0.26543 15.9863
0.267462 16.1369
0.269415 16.2256
0.271446 16.3267
0.273399 16.4121
0.275352 16.4588
0.277384 16.4893
0.279337 16.5165
0.281368 16.5232
0.283321 16.5446
0.285275 16.4941
0.287306 16.4693
0.289259 16.4197
0.29129 16.373
0.293243 16.3057
0.295197 16.2161
0.297228 16.1226
0.299181 16.0044
0.301134 15.8976
0.303165 15.796
0.305119 15.6668
0.30715 15.5409
0.309103 15.4074
0.311056 15.2672
0.313087 15.127
0.315041 14.9763
0.317072 14.8199
0.319025 14.6616
0.320978 14.5038
0.323009 14.3493
0.324963 14.1843
0.326994 14.0198
0.328947 13.8543
0.3309 13.6965
0.332931 13.5325
0.334884 13.3656
0.336915 13.2034
0.338868 13.0294
0.340821 12.8763
0.342853 12.7118
0.344806 12.5573
0.346759 12.3995
0.34879 12.2421
0.350743 12.0881
0.352775 11.937
0.354728 11.7834
0.356681 11.6404
0.358712 11.4878
0.360665 11.3461
0.362697 11.2031
0.36465 11.0629
0.366603 10.9261
0.368634 10.7916
0.370587 10.6557
0.372619 10.5274
0.374572 10.3944
0.376525 10.269
0.378556 10.1378
0.380509 10.0186
0.382541 9.89942
0.384494 9.78021
0.386447 9.66672
0.388478 9.55419
0.390431 9.44404
0.392385 9.33245
0.394416 9.22326
0.396369 9.11788
0.3984 9.01583
0.400353 8.91284
0.402307 8.81318
0.404338 8.71638
0.406291 8.62006
0.408322 8.52278
0.410275 8.43409
0.412229 8.34158
0.414259 8.25099
0.416212 8.16229
0.418243 8.07455
0.420197 7.9911
0.42215 7.90956
0.424181 7.82755
0.426134 7.74649
0.428087 7.66781
0.430119 7.59485
0.432072 7.5157
0.434103 7.44083
0.436056 7.36692
0.438009 7.29349
0.440041 7.2253
0.441994 7.1533
0.444025 7.08511
0.445978 7.01788
0.447931 6.9516
0.449963 6.8877
0.451916 6.82142
0.453947 6.75991
0.4559 6.69696
0.457853 6.6364
0.459885 6.57346
0.461838 6.51624
0.463869 6.45711
0.465822 6.39989
0.467775 6.34553
0.469807 6.2907
0.47176 6.23538
0.473713 6.18007
0.475744 6.12762
0.477697 6.07755
0.479729 6.02605
0.481682 5.97312
0.483635 5.92449
0.485666 5.87633
0.487619 5.82721
0.489651 5.77857
0.491604 5.73232
0.493557 5.68941
0.495588 5.63838
0.497541 5.59499
0.499572 5.55112
0.501525 5.50725
0.503478 5.46529
0.505509 5.42047
0.507463 5.37946
0.509494 5.33797
0.511447 5.2984
0.5134 5.25739
0.515431 5.21781
0.517385 5.17823
0.519338 5.14056
0.521369 5.10098
0.523322 5.06522
0.525353 5.02755
0.527307 4.99179
0.52926 4.95507
0.531291 4.9174
0.533244 4.88498
0.535275 4.85208
0.537229 4.81631
0.539182 4.7796
0.541213 4.74622
0.543166 4.71332
0.545197 4.68184
0.547151 4.6499
0.549104 4.61747
0.551135 4.58552
0.553088 4.55405
0.555041 4.52544
0.557073 4.49636
0.559026 4.46298
0.561057 4.43627
0.56301 4.40576
0.564963 4.37572
0.566995 4.34996
0.568948 4.3204
0.570979 4.29226
0.572932 4.26508
0.574885 4.2379
0.576917 4.21168
0.57887 4.18307
0.580901 4.1578
0.582854 4.13157
0.584807 4.10677
0.586838 4.08103
0.588791 4.05623
0.590822 4.03
0.592775 4.00807
0.594728 3.98232
0.59676 3.96039
0.598713 3.93464
0.600666 3.91079
0.602697 3.88981
0.60465 3.86693
0.606682 3.84451
0.608635 3.8221
0.610588 3.79874
0.612619 3.77776
0.614573 3.75582
0.616604 3.73484
0.618557 3.71195
0.62051 3.69288
0.622541 3.67095
0.624495 3.65139
0.626526 3.63089
0.628479 3.60991
0.630432 3.59227
0.632463 3.57176
0.634417 3.55317
0.636448 3.53314
0.638401 3.51454
0.640354 3.49785
0.642385 3.4783
0.644339 3.45923
0.646292 3.44159
0.648323 3.42347
0.650276 3.40535
0.652308 3.38675
0.654261 3.37149
0.656214 3.35385
0.658245 3.33573
0.660198 3.31904
0.66223 3.30283
0.664183 3.28614
0.666136 3.27279
0.668166 3.25562
0.67012 3.24084
0.672151 3.22367
0.674104 3.20984
0.676057 3.19315
0.678088 3.17933
0.680041 3.16359
0.681994 3.14881
0.684026 3.13403
0.685979 3.12019
0.68801 3.10827
0.689963 3.09349
0.691916 3.07919
0.693948 3.06679
0.695901 3.05201
0.697932 3.03961
0.699885 3.02483
0.697932 2.94043
0.695901 2.88559
0.693948 2.83838
0.691916 2.79404
