0.689963 2.59663
0.68801 2.55991
0.685979 2.52558
0.684026 2.49506
0.681994 2.46407
0.680041 2.43259
0.678088 2.40685
0.676057 2.37967
0.674104 2.35344
0.672151 2.32864
0.67012 2.30337
0.668166 2.2781
0.666136 2.25855
0.664183 2.23566
0.66223 2.2123
0.660198 2.19084
0.658245 2.17081
0.656214 2.15126
0.654261 2.12933
0.652308 2.10978
0.650276 2.09023
0.648323 2.06972
0.646292 2.05208
0.644339 2.03348
0.642385 2.01345
0.640354 1.99629
0.638401 1.97817
0.636448 1.961
0.634417 1.94431
0.632463 1.92667
0.630432 1.91046
0.628479 1.89329
0.626526 1.87851
0.624495 1.85943
0.622541 1.84322
0.62051 1.82844
0.618557 1.81365
0.616604 1.79983
0.614573 1.78218
0.612619 1.7674
0.610588 1.75214
0.608635 1.73736
0.606682 1.72163
0.60465 1.70637
0.602697 1.69302
0.600666 1.67919
0.598713 1.66345
0.59676 1.65201
0.594728 1.63723
0.592775 1.62292
0.590822 1.60957
0.588791 1.59622
0.586838 1.58239
0.584807 1.57094
0.582854 1.55473
0.580901 1.54281
0.57887 1.52994
0.576917 1.51897
0.574885 1.50562
0.572932 1.49227
0.570979 1.48082
0.568948 1.4689
0.566995 1.45793
0.564963 1.44458
0.56301 1.43314
0.561057 1.41979
0.559026 1.40834
0.557073 1.39595
0.555041 1.3845
0.553088 1.37258
0.551135 1.36161
0.549104 1.35017
0.547151 1.33729
0.545197 1.3249
0.543166 1.31584
0.541213 1.30439
0.539182 1.29295
0.537229 1.28341
0.535275 1.27388
0.533244 1.26195
0.531291 1.24956
0.52926 1.24002
0.527307 1.23048
0.525353 1.21904
0.523322 1.20664
0.521369 1.19374
0.519338 1.18535
0.517385 1.17338
0.515431 1.16365
0.5134 1.15245
0.511447 1.14334
0.509494 1.13242
0.507463 1.12265
0.505509 1.11158
0.503478 1.103
0.501525 1.09265
0.499572 1.08378
0.497541 1.07325
0.495588 1.06352
0.493557 1.05522
0.491604 1.04368
0.489651 1.03548
0.487619 1.02537
0.485666 1.01507
0.483635 1.00625
0.481682 0.996856
0.479729 0.986699
0.477697 0.977448
0.475744 0.96815
0.473713 0.958709
0.47176 0.951032
0.469807 0.94016
0.467775 0.931576
0.465822 0.920895
0.463869 0.912074
0.461838 0.90268
0.459885 0.893286
0.457853 0.886086
0.4559 0.875977
0.453947 0.86706
0.451916 0.856236
0.449963 0.848511
0.447931 0.838355
0.445978 0.829915
0.444025 0.81971
0.441994 0.810316
0.440041 0.800684
0.438009 0.792196
0.436056 0.783566
0.434103 0.773933
0.432072 0.764349
0.430119 0.7561
0.428087 0.743464
0.426134 0.734976
0.424181 0.724438
0.42215 0.716761
0.420197 0.70484
0.418243 0.695255
0.416212 0.687435
0.414259 0.676086
0.412229 0.665548
0.410275 0.655248
0.408322 0.64409
0.406291 0.632837
0.404338 0.621488
0.402307 0.612047
0.400353 0.59984
0.3984 0.5883
0.396369 0.576808
0.394416 0.564363
0.392385 0.552537
0.390431 0.539805
0.388478 0.525023
0.386447 0.511243
0.384494 0.497367
0.382541 0.483729
0.380509 0.467565
0.378556 0.453021
0.376525 0.441386
0.374572 0.422932
0.372619 0.406863
0.370587 0.38736
0.368634 0.369479
0.366603 0.349404
0.36465 0.330569
0.362697 0.3083
0.360665 0.287081
0.358712 0.263859
0.356681 0.243116
0.354728 0.216127
0.352775 0.190283
0.350743 0.16172
0.34879 0.131488
0.346759 0.103641
0.344806 0.0694041
0.342853 0.0345945
0.340821 0.000405312
0.338868 -0.0393152
0.336915 -0.0722651
0.334884 -0.117136
0.332931 -0.160432
0.3309 -0.208689
0.328947 -0.259043
0.326994 -0.310589
0.324963 -0.364424
0.323009 -0.422884
0.320978 -0.488164
0.319025 -0.552108
0.317072 -0.619485
0.315041 -0.691441
0.313087 -0.767067
0.311056 -0.855282
0.309103 -0.941733
0.30715 -1.03414
0.305119 -1.13123
0.303165 -1.23184
0.301134 -1.34552
0.299181 -1.45705
0.297228 -1.57145
0.295197 -1.69328
0.293243 -1.82598
0.29129 -1.97185
0.289259 -2.1293
0.287306 -2.28389
0.285275 -2.45288
0.283321 -2.61205
0.281368 -2.81232
0.279337 -3.00287
0.277384 -3.20562
0.275352 -3.41109
0.273399 -3.62853
0.271446 -3.87076
0.269415 -4.12087
0.267462 -4.36506
0.26543 -4.64386
0.263477 -4.90856
0.261524 -5.20877
0.259493 -5.5016
0.25754 -5.79719
0.255587 -6.12936
0.253555 -6.45854
0.251602 -6.80616
0.249571 -7.17714
0.247618 -7.55384
0.245665 -7.93102
0.243634 -8.31822
0.241681 -8.72258
0.23965 -9.14744
0.237697 -9.57564
0.235744 -9.99764
0.233712 -10.4444
0.231759 -10.9103
0.229728 -11.3743
0.227775 -11.8506
0.225821 -12.3175
0.22379 -12.8139
0.221837 -13.3055
0.219806 -13.7742
0.217853 -14.2305
0.215899 -14.735
0.213868 -15.2305
0.211915 -15.7431
0.209962 -16.2032
0.207931 -16.7382
0.205977 -17.216
0.203946 -17.7077
0.201993 -18.1788
0.20004 -18.6446
0.198009 -19.1138
0.196055 -19.5611
0.194024 -19.9831
0.192071 -20.449
0.190118 -20.8481
0.188087 -21.2654
0.186133 -21.6359
0.184102 -22.0278
0.182149 -22.3797
0.180196 -22.7149
0.178164 -22.9891
0.176211 -23.2938
0.17418 -23.5909
0.172227 -23.8594
0.170274 -24.094
0.168242 -24.3104
0.166289 -24.515
0.164336 -24.7086
0.162305 -24.8607
0.160352 -25.0062
0.158321 -25.1225
0.156368 -25.2088
0.154415 -25.3166
0.152384 -25.3843
0.150431 -25.4367
0.148399 -25.4701
0.146446 -25.4653
0.144493 -25.4849
0.142462 -25.4725
0.140509 -25.4329
0.138477 -25.3619
0.136524 -25.287
0.134571 -25.2565
0.13254 -25.1745
0.130587 -25.0863
0.128633 -24.9837
0.126602 -24.8769
0.124649 -24.7715
0.122618 -24.6585
0.120665 -24.5164
0.118711 -24.3953
0.11668 -24.2451
0.114727 -24.1149
0.112696 -23.9676
0.110743 -23.8265
0.108789 -23.6729
0.106758 -23.5208
0.104805 -23.3563
0.102774 -23.2151
0.100821 -23.053
0.0988674 -22.8847
0.0968361 -22.7269
0.094883 -22.5728
0.0928516 -22.4207
0.0908985 -22.2672
0.0889454 -22.1055
0.0869141 -21.9553
0.0849609 -21.8023
0.0830078 -21.6516
0.0809765 -21.5004
0.0790234 -21.3502
0.076993 -21.2029
0.0750389 -21.0608
0.0730858 -20.9115
0.0710554 -20.7761
0.0691023 -20.6378
0.067071 -20.4972
0.0651178 -20.3632
0.0631647 -20.2244
0.0611334 -20.1009
0.0591803 -19.9569
0.0571489 -19.8315
0.0551958 -19.7099
0.0532427 -19.5831
0.0512114 -19.4658
0.0492582 -19.3461
0.0472269 -19.225
0.0452738 -19.1181
0.0433207 -18.997
0.0412893 -18.8921
0.0393362 -18.7762
0.0373831 -18.6718
0.0353518 -18.5688
0.0333986 -18.4625
0.0313673 -18.3581
0.0294142 -18.2598
0.0274611 -18.1607
0.0254297 -18.0615
0.0234766 -17.968
0.0214453 -17.8755
0.0194921 -17.7773
0.017539 -17.69
0.0155077 -17.5985
0.0135546 -17.5121
0.0115232 -17.4258
0.00957012 -17.34
0.007617 -17.2618
0.00558567 -17.1736
0.00363255 -17.0954
0.00167942 -17.0153
-0.000351906 -16.9337
-0.00230503 -16.8641
-0.00433636 -16.7878
-0.00628948 -16.7111
-0.00824261 -16.64
-0.010273 -16.5628
-0.0122261 -16.4984
-0.0142574 -16.4259
-0.0162106 -16.3592
-0.0181637 -16.2905
-0.020195 -16.218
-0.0221481 -16.1565
-0.0241795 -16.0931
-0.0261326 -16.0268
-0.0280857 -15.9648
-0.030117 -15.9009
-0.0320702 -15.8442
-0.0341015 -15.7841
-0.0360546 -15.7245
-0.0380077 -15.6649
-0.0400391 -15.6091
-0.0419922 -15.5509
-0.0439453 -15.4994
-0.0459766 -15.4417
-0.0479298 -15.3902
-0.0499611 -15.3382
-0.0519142 -15.2839
-0.0538673 -15.2329
-0.0558987 -15.1833
-0.0578518 -15.1289
-0.0598831 -15.0774
-0.0618362 -15.0292
-0.0637894 -14.9844
-0.0658207 -14.9353
-0.0677738 -14.8881
-0.0698051 -14.8419
-0.0717583 -14.7961
-0.0737114 -14.7517
-0.0757427 -14.7055
-0.0776958 -14.6626
-0.0797272 -14.6182
-0.0816803 -14.5791
-0.0836334 -14.5357
-0.0856647 -14.4942
-0.0876179 -14.4537
-0.089571 -14.4137
-0.0916023 -14.3745
-0.0935555 -14.3331
-0.0955858 -14.293
-0.0975389 -14.2558
-0.0994921 -14.2124
-0.0975389 -14.0293
-0.0955858 -13.8901
-0.0935555 -13.7733
-0.0916023 -13.6717
-0.089571 -13.5739
-0.0876179 -13.4881
-0.0856647 -13.4023
-0.0836334 -13.3193
-0.0816803 -13.2444
-0.0797272 -13.1677
-0.0776958 -13.0971
-0.0757427 -13.0284
-0.0737114 -12.9617
-0.0717583 -12.8959
-0.0698051 -12.8301
-0.0677738 -12.7666
-0.0658207 -12.708
-0.0637894 -12.6489
-0.0618362 -12.5869
-0.0598831 -12.5287
-0.0578518 -12.4734
-0.0558987 -12.4205
-0.0538673 -12.3652
-0.0519142 -12.3113
-0.0499611 -12.2583
-0.0479298 -12.2054
-0.0459766 -12.1534
-0.0439453 -12.1
-0.0419922 -12.049
-0.0400391 -12.0013
-0.0380077 -11.9527
-0.0360546 -11.9045
-0.0341015 -11.853
-0.0320702 -11.8077
-0.030117 -11.761
-0.0280857 -11.7143
-0.0261326 -11.6661
-0.0241795 -11.6208
-0.0221481 -11.5736
-0.020195 -11.5288
-0.0181637 -11.4897
-0.0162106 -11.4429
-0.0142574 -11.4
-0.0122261 -11.3533
-0.010273 -11.3099
-0.00824261 -11.2675
-0.00628948 -11.2241
-0.00433636 -11.1783
-0.00230503 -11.1382
-0.000351906 -11.0925
0.00167942 -11.0524
0.00363255 -11.0119
0.00558567 -10.9675
0.007617 -10.928
0.00957012 -10.885
0.0115232 -10.8445
0.0135546 -10.8016
0.0155077 -10.7587
0.017539 -10.7158
0.0194921 -10.6714
0.0214453 -10.6376
0.0234766 -10.5908
0.0254297 -10.5503
0.0274611 -10.5074
0.0294142 -10.463
0.0313673 -10.4206
0.0333986 -10.3777
0.0353518 -10.3352
0.0373831 -10.2933
0.0393362 -10.2442
0.0412893 -10.2051
0.0433207 -10.1593
0.0452738 -10.1159
0.0472269 -10.0677
0.0492582 -10.0263
0.0512114 -9.97952
0.0532427 -9.92755
0.0551958 -9.8832
0.0571489 -9.83361
0.0591803 -9.78498
0.0611334 -9.74206
0.0631647 -9.6877
0.0651178 -9.63716
0.067071 -9.58423
0.0691023 -9.52891
0.0710554 -9.47551
0.0730858 -9.41781
0.0750389 -9.36059
0.076993 -9.30193
0.0790234 -9.23756
0.0809765 -9.18034
0.0830078 -9.11501
0.0849609 -9.05398
0.0869141 -8.98293
0.0889454 -8.91522
0.0908985 -8.84655
0.0928516 -8.76931
0.094883 -8.69111
0.0968361 -8.61481
0.0988674 -8.5347
0.100821 -8.45746
0.102774 -8.36781
0.104805 -8.27292
0.106758 -8.18232
0.108789 -8.08695
0.110743 -7.98395
0.112696 -7.87619
0.114727 -7.76747
0.11668 -7.64826
0.118711 -7.53763
0.120665 -7.40459
0.122618 -7.28729
0.124649 -7.1471
0.126602 -7.0031
0.128633 -6.861
0.130587 -6.71318
0.13254 -6.55057
0.134571 -6.3875
0.136524 -6.19485
0.138477 -6.0375
0.140509 -5.86727
0.142462 -5.66986
0.144493 -5.46433
0.146446 -5.24022
0.148399 -5.03041
0.150431 -4.80153
0.152384 -4.55358
0.154415 -4.30991
0.156368 -4.04145
0.158321 -3.78586
0.160352 -3.51454
0.162305 -3.2251
0.164336 -2.9328
0.166289 -2.62142
0.168242 -2.30385
0.170274 -1.98055
0.172227 -1.64772
0.17418 -1.29581
0.176211 -0.926738
0.178164 -0.567198
0.180196 -0.22006
0.182149 0.166178
0.184102 0.566721
0.186133 0.982741
0.188087 1.37938
0.190118 1.80944
0.192071 2.224
0.194024 2.68367
0.196055 3.10744
0.198009 3.55009
0.20004 4.00948
0.201993 4.45895
0.203946 4.90741
0.205977 5.37586
0.207931 5.82461
0.209962 6.25
0.211915 6.76467
0.213868 7.24581
0.215899 7.70119
0.217853 8.15896
0.219806 8.57619
0.221837 9.01011
0.22379 9.45977
0.225821 9.90609
0.227775 10.3305
0.229728 10.7573
0.231759 11.1692
0.233712 11.5793
0.235744 11.9679
0.237697 12.3232
0.23965 12.6861
0.241681 13.0437
0.243634 13.3732
0.245665 13.6827
0.247618 13.9797
0.249571 14.2687
0.251602 14.5448
0.253555 14.7975
0.255587 15.0164
0.25754 15.2376
0.259493 15.4074
0.261524 15.5814
0.263477 15.7617
0.26543 15.8852
0.267462 16.0306
0.269415 16.1222
0.271446 16.2218
0.273399 16.3057
0.275352 16.3472
0.277384 16.3758
0.279337 16.4011
0.281368 16.404
0.283321 16.3805
0.285275 16.372
0.287306 16.3448
0.289259 16.2929
0.29129 16.2428
0.293243 16.1756
0.295197 16.0831
0.297228 15.9839
0.299181 15.8632
0.301134 15.755
0.303165 15.6491
0.305119 15.5213
0.30715 15.3936
0.309103 15.2591
0.311056 15.1151
0.313087 14.9773
0.315041 14.8247
0.317072 14.6626
0.319025 14.5019
0.320978 14.3412
0.323009 14.1829
0.324963 14.0217
0.326994 13.8553
0.328947 13.6865
0.3309 13.5248
0.332931 13.3603
0.334884 13.191
0.336915 13.0294
0.338868 12.8525
0.340821 12.697
0.342853 12.5325
0.344806 12.3737
0.346759 12.2178
0.34879 12.0595
0.350743 11.9055
0.352775 11.7505
0.354728 11.5951
0.356681 11.452
0.358712 11.2951
0.360665 11.1559
0.362697 11.0105
0.36465 10.8717
0.366603 10.7329
0.368634 10.5946
0.370587 10.4597
0.372619 10.3314
0.374572 10.196
0.376525 10.0739
0.378556 9.93899
0.380509 9.81931
0.382541 9.69914
0.384494 9.57994
0.386447 9.46502
0.388478 9.352
0.390431 9.23995
0.392385 9.12837
0.394416 9.01965
0.396369 8.91331
0.3984 8.81032
0.400353 8.70732
0.402307 8.60575
0.404338 8.50657
0.406291 8.4112
0.408322 8.31583
0.410275 8.22524
0.412229 8.1313
0.414259 8.04165
0.416212 7.95296
0.418243 7.86474
0.420197 7.7813
0.42215 7.69737
0.424181 7.61631
0.426134 7.53477
0.428087 7.45466
0.430119 7.3798
0.432072 7.30017
0.434103 7.22721
0.436056 7.15187
0.438009 7.07987
0.440041 7.00691
0.441994 6.93872
0.444025 6.86815
0.445978 6.80234
0.447931 6.73416
0.449963 6.67169
0.451916 6.60589
0.453947 6.54294
0.4559 6.47953
0.457853 6.41897
0.459885 6.35602
0.461838 6.29833
0.463869 6.23968
0.465822 6.1815
0.467775 6.12667
0.469807 6.0704
0.47176 6.01556
0.473713 5.9612
0.475744 5.90827
0.477697 5.85439
0.479729 5.8048
0.481682 5.75426
0.483635 5.70467
0.485666 5.65412
0.487619 5.60596
0.489651 5.55684
0.491604 5.51011
0.493557 5.46481
0.495588 5.41951
0.497541 5.37374
0.499572 5.32844
0.501525 5.28361
0.503478 5.24308
0.505509 5.19874
0.507463 5.15821
0.509494 5.11529
0.511447 5.07476
0.5134 5.03566
0.515431 4.99322
0.517385 4.95364
0.519338 4.91693
0.521369 4.87878
0.523322 4.84159
0.525353 4.80344
0.527307 4.76768
0.52926 4.73001
0.531291 4.69472
0.533244 4.65991
0.535275 4.6251
0.537229 4.59172
0.539182 4.55644
0.541213 4.52306
0.543166 4.49063
0.545197 4.45868
0.547151 4.42578
0.549104 4.39336
0.551135 4.36188
0.553088 4.33089
0.555041 4.29846
0.557073 4.27081
0.559026 4.23886
0.561057 4.21025
0.56301 4.18116
0.564963 4.1516
0.566995 4.12442
0.568948 4.0939
0.570979 4.06672
0.572932 4.03906
0.574885 4.01427
0.576917 3.98804
0.57887 3.95705
0.580901 3.93368
0.582854 3.90698
0.584807 3.88123
0.586838 3.85596
0.588791 3.83116
0.590822 3.80637
0.592775 3.78253
0.594728 3.75678
0.59676 3.73389
0.598713 3.71052
0.600666 3.68716
0.602697 3.66284
0.60465 3.64186
0.606682 3.61945
0.608635 3.59799
0.610588 3.57367
0.612619 3.55221
0.614573 3.53076
0.616604 3.50977
0.618557 3.48784
0.62051 3.46734
0.622541 3.44588
0.624495 3.42728
0.626526 3.4063
0.628479 3.38675
0.630432 3.36672
0.632463 3.3467
0.634417 3.32858
0.636448 3.30807
0.638401 3.29091
0.640354 3.27136
0.642385 3.25276
0.644339 3.23512
0.646292 3.21557
0.648323 3.1984
0.650276 3.18123
0.652308 3.16264
0.654261 3.14642
0.656214 3.13069
0.658245 3.11161
0.660198 3.09635
0.66223 3.07919
0.664183 3.06345
0.666136 3.04724
0.668166 3.03055
0.67012 3.01624
0.672151 3.00098
0.674104 2.98716
0.676057 2.96999
0.678088 2.95473
0.680041 2.94138
0.681994 2.9266
0.684026 2.91372
0.685979 2.89751
0.68801 2.88321
0.689963 2.87128
0.691916 2.85746
0.693948 2.84554
0.695901 2.83075
0.697932 2.81693
0.699885 2.80405
0.697932 2.72013
0.695901 2.66243
0.693948 2.61522
0.691916 2.5704
