0.689963 2.53273
0.68801 2.49792
0.685979 2.4655
0.684026 2.43355
0.681994 2.40351
0.680041 2.37442
0.678088 2.34629
0.676057 2.32197
0.674104 2.29574
0.672151 2.27142
0.67012 2.24854
0.668166 2.22469
0.666136 2.20276
0.664183 2.17796
0.66223 2.15698
0.660198 2.13552
0.658245 2.11502
0.656214 2.09595
0.654261 2.0764
0.652308 2.05542
0.650276 2.03634
0.648323 2.01822
0.646292 1.99915
0.644339 1.98246
0.642385 1.96291
0.640354 1.94622
0.638401 1.9281
0.636448 1.91093
0.634417 1.89568
0.632463 1.87803
0.630432 1.86134
0.628479 1.84608
0.626526 1.83034
0.624495 1.81461
0.622541 1.79792
0.62051 1.78218
0.618557 1.76692
0.616604 1.75357
0.614573 1.73736
0.612619 1.72401
0.610588 1.70827
0.608635 1.69492
0.606682 1.68062
0.60465 1.66727
0.602697 1.65201
0.600666 1.63913
0.598713 1.62435
0.59676 1.61005
0.594728 1.59717
0.592775 1.58477
0.590822 1.57238
0.588791 1.55807
0.586838 1.54472
0.584807 1.5328
0.582854 1.5204
0.580901 1.508
0.57887 1.49608
0.576917 1.48464
0.574885 1.46938
0.572932 1.45889
0.570979 1.44601
0.568948 1.43409
0.566995 1.42408
0.564963 1.41025
0.56301 1.39928
0.561057 1.38736
0.559026 1.37592
0.557073 1.36543
0.555041 1.35398
0.553088 1.34349
0.551135 1.33205
0.549104 1.32108
0.547151 1.31107
0.545197 1.3001
0.543166 1.28818
0.541213 1.27769
0.539182 1.26768
0.537229 1.25766
0.535275 1.2486
0.533244 1.23573
0.531291 1.22524
0.52926 1.2157
0.527307 1.20569
0.525353 1.19265
0.523322 1.18082
0.521369 1.171
0.519338 1.16198
0.517385 1.15211
0.515431 1.14258
0.5134 1.13213
0.511447 1.12155
0.509494 1.11301
0.507463 1.10305
0.505509 1.09151
0.503478 1.08464
0.501525 1.07458
0.499572 1.06461
0.497541 1.05555
0.495588 1.04573
0.493557 1.03786
0.491604 1.02857
0.489651 1.01893
0.487619 1.01006
0.485666 0.999669
0.483635 0.990371
0.481682 0.982121
0.479729 0.971917
0.477697 0.964622
0.475744 0.954226
0.473713 0.945643
0.47176 0.937966
0.469807 0.929621
0.467775 0.91894
0.465822 0.909308
0.463869 0.901726
0.461838 0.893858
0.459885 0.883606
0.457853 0.875596
0.4559 0.866345
0.453947 0.858143
0.451916 0.849322
0.449963 0.838831
0.447931 0.831011
0.445978 0.821427
0.444025 0.813178
0.441994 0.803783
0.440041 0.794914
0.438009 0.786283
0.436056 0.777128
0.434103 0.767162
0.432072 0.759056
0.430119 0.751236
0.428087 0.739315
0.426134 0.731829
0.424181 0.721577
0.42215 0.712421
0.420197 0.703648
0.418243 0.692728
0.416212 0.683429
0.414259 0.675704
0.412229 0.664737
0.410275 0.655057
0.408322 0.642469
0.406291 0.632932
0.404338 0.622442
0.402307 0.611188
0.400353 0.601175
0.3984 0.590017
0.396369 0.577619
0.394416 0.565269
0.392385 0.554397
0.390431 0.540473
0.388478 0.527646
0.386447 0.514581
0.384494 0.499894
0.382541 0.487401
0.380509 0.472857
0.378556 0.457408
0.376525 0.444581
0.374572 0.426127
0.372619 0.411154
0.370587 0.392319
0.368634 0.374247
0.366603 0.355937
0.36465 0.336815
0.362697 0.315215
0.360665 0.294567
0.358712 0.270725
0.356681 0.251127
0.354728 0.220991
0.352775 0.197865
0.350743 0.169778
0.34879 0.142217
0.346759 0.10984
0.344806 0.0763659
0.342853 0.043416
0.340821 0.0107527
0.338868 -0.0299215
0.336915 -0.0619173
0.334884 -0.106311
0.332931 -0.149847
0.3309 -0.197817
0.328947 -0.249172
0.326994 -0.299908
0.324963 -0.352646
0.323009 -0.410677
0.320978 -0.47362
0.319025 -0.541427
0.317072 -0.60766
0.315041 -0.677421
0.313087 -0.754717
0.311056 -0.84112
0.309103 -0.929097
0.30715 -1.01841
0.305119 -1.11669
0.303165 -1.2173
0.301134 -1.32969
0.299181 -1.44423
0.297228 -1.55271
0.295197 -1.67945
0.293243 -1.81139
0.29129 -1.95788
0.289259 -2.11333
0.287306 -2.26568
0.285275 -2.43796
0.283321 -2.59226
0.281368 -2.79711
0.279337 -2.98599
0.277384 -3.18688
0.275352 -3.39273
0.273399 -3.6086
0.271446 -3.85193
0.269415 -4.10351
0.267462 -4.34579
0.26543 -4.62064
0.263477 -4.88529
0.261524 -5.18574
0.259493 -5.48043
0.25754 -5.77607
0.255587 -6.10595
0.253555 -6.4347
0.251602 -6.78279
0.249571 -7.15139
0.247618 -7.52523
0.245665 -7.90289
0.243634 -8.29104
0.241681 -8.69683
0.23965 -9.11883
0.237697 -9.54179
0.235744 -9.9657
0.233712 -10.4111
0.231759 -10.8803
0.229728 -11.3399
0.227775 -11.8201
0.225821 -12.2855
0.22379 -12.7752
0.221837 -13.2659
0.219806 -13.7399
0.217853 -14.1929
0.215899 -14.6988
0.213868 -15.1909
0.211915 -15.7073
0.209962 -16.1651
0.207931 -16.703
0.205977 -17.1784
0.203946 -17.6666
0.201993 -18.1359
0.20004 -18.6065
0.198009 -19.0728
0.196055 -19.5235
0.194024 -19.944
0.192071 -20.4109
0.190118 -20.8057
0.188087 -21.222
0.186133 -21.5915
0.184102 -21.9892
0.182149 -22.3378
0.180196 -22.6763
0.178164 -22.9486
0.176211 -23.2547
0.17418 -23.5504
0.172227 -23.8207
0.170274 -24.0515
0.168242 -24.2675
0.166289 -24.4711
0.164336 -24.67
0.162305 -24.8235
0.160352 -24.9666
0.158321 -25.0863
0.156368 -25.1759
0.154415 -25.2818
0.152384 -25.3433
0.150431 -25.4015
0.148399 -25.4367
0.146446 -25.4286
0.144493 -25.4496
0.142462 -25.4324
0.140509 -25.4029
0.138477 -25.3252
0.136524 -25.2465
0.134571 -25.2188
0.13254 -25.142
0.130587 -25.0524
0.128633 -24.9504
0.126602 -24.8402
0.124649 -24.7344
0.122618 -24.6232
0.120665 -24.4831
0.118711 -24.3577
0.11668 -24.2108
0.114727 -24.0801
0.112696 -23.9328
0.110743 -23.7907
0.108789 -23.6333
0.106758 -23.4817
0.104805 -23.3162
0.102774 -23.1751
0.100821 -23.0153
0.0988674 -22.8442
0.0968361 -22.6835
0.094883 -22.5299
0.0928516 -22.3769
0.0908985 -22.2238
0.0889454 -22.0636
0.0869141 -21.9096
0.0849609 -21.757
0.0830078 -21.601
0.0809765 -21.4537
0.0790234 -21.3006
0.076993 -21.1557
0.0750389 -21.0141
0.0730858 -20.8634
0.0710554 -20.727
0.0691023 -20.5839
0.067071 -20.4471
0.0651178 -20.3121
0.0631647 -20.17
0.0611334 -20.0432
0.0591803 -19.9006
0.0571489 -19.7781
0.0551958 -19.6493
0.0532427 -19.5263
0.0512114 -19.4028
0.0492582 -19.2831
0.0472269 -19.1644
0.0452738 -19.0523
0.0433207 -18.9322
0.0412893 -18.8215
0.0393362 -18.7081
0.0373831 -18.6022
0.0353518 -18.4954
0.0333986 -18.3905
0.0313673 -18.2851
0.0294142 -18.1888
0.0274611 -18.0882
0.0254297 -17.9923
0.0234766 -17.8922
0.0214453 -17.7959
0.0194921 -17.6972
0.017539 -17.607
0.0155077 -17.5183
0.0135546 -17.4287
0.0115232 -17.3443
0.00957012 -17.2551
0.007617 -17.1722
0.00558567 -17.0882
0.00363255 -17.0091
0.00167942 -16.9252
-0.000351906 -16.8412
-0.00230503 -16.7702
-0.00433636 -16.6963
-0.00628948 -16.6162
-0.00824261 -16.5427
-0.010273 -16.466
-0.0122261 -16.3968
-0.0142574 -16.3277
-0.0162106 -16.2576
-0.0181637 -16.1904
-0.020195 -16.1131
-0.0221481 -16.0511
-0.0241795 -15.9872
-0.0261326 -15.9152
-0.0280857 -15.8575
-0.030117 -15.7922
-0.0320702 -15.7312
-0.0341015 -15.6687
-0.0360546 -15.61
-0.0380077 -15.5519
-0.0400391 -15.4927
-0.0419922 -15.4346
-0.0439453 -15.3783
-0.0459766 -15.3235
-0.0479298 -15.2662
-0.0499611 -15.209
-0.0519142 -15.157
-0.0538673 -15.1027
-0.0558987 -15.0517
-0.0578518 -14.9987
-0.0598831 -14.9468
-0.0618362 -14.8962
-0.0637894 -14.8461
-0.0658207 -14.8004
-0.0677738 -14.7493
-0.0698051 -14.7012
-0.0717583 -14.6549
-0.0737114 -14.6058
-0.0757427 -14.561
-0.0776958 -14.5176
-0.0797272 -14.4709
-0.0816803 -14.4265
-0.0836334 -14.3827
-0.0856647 -14.3426
-0.0876179 -14.2992
-0.089571 -14.2572
-0.0916023 -14.2139
-0.0935555 -14.1733
-0.0955858 -14.1342
-0.0975389 -14.0946
-0.0994921 -14.0484
-0.0975389 -13.8639
-0.0955858 -13.7232
-0.0935555 -13.6059
-0.0916023 -13.501
-0.089571 -13.4032
-0.0876179 -13.3141
-0.0856647 -13.2258
-0.0836334 -13.1419
-0.0816803 -13.0647
-0.0797272 -12.9903
-0.0776958 -12.9154
-0.0757427 -12.8458
-0.0737114 -12.7743
-0.0717583 -12.708
-0.0698051 -12.6403
-0.0677738 -12.5778
-0.0658207 -12.5182
-0.0637894 -12.4524
-0.0618362 -12.3933
-0.0598831 -12.3332
-0.0578518 -12.275
-0.0558987 -12.2188
-0.0538673 -12.1615
-0.0519142 -12.1058
-0.0499611 -12.0495
-0.0479298 -11.9985
-0.0459766 -11.9427
-0.0439453 -11.8907
-0.0419922 -11.8349
-0.0400391 -11.7844
-0.0380077 -11.7357
-0.0360546 -11.6861
-0.0341015 -11.6365
-0.0320702 -11.585
-0.030117 -11.5383
-0.0280857 -11.4901
-0.0261326 -11.4401
-0.0241795 -11.3943
-0.0221481 -11.3442
-0.020195 -11.298
-0.0181637 -11.2594
-0.0162106 -11.2112
-0.0142574 -11.163
-0.0122261 -11.1173
-0.010273 -11.0715
-0.00824261 -11.0271
-0.00628948 -10.9814
-0.00433636 -10.938
-0.00230503 -10.8951
-0.000351906 -10.844
0.00167942 -10.8054
0.00363255 -10.7625
0.00558567 -10.7158
0.007617 -10.6733
0.00957012 -10.629
0.0115232 -10.5861
0.0135546 -10.5441
0.0155077 -10.5021
0.017539 -10.4573
0.0194921 -10.4101
0.0214453 -10.3734
0.0234766 -10.3276
0.0254297 -10.2857
0.0274611 -10.2413
0.0294142 -10.1946
0.0313673 -10.1502
0.0333986 -10.1078
0.0353518 -10.062
0.0373831 -10.0162
0.0393362 -9.9719
0.0412893 -9.92803
0.0433207 -9.88034
0.0452738 -9.83743
0.0472269 -9.78641
0.0492582 -9.74158
0.0512114 -9.69199
0.0532427 -9.64383
0.0551958 -9.59567
0.0571489 -9.54608
0.0591803 -9.49363
0.0611334 -9.45214
0.0631647 -9.39635
0.0651178 -9.34676
0.067071 -9.28954
0.0691023 -9.23375
0.0710554 -9.17796
0.0730858 -9.11883
0.0750389 -9.06161
0.076993 -9.00105
0.0790234 -8.94001
0.0809765 -8.87946
0.0830078 -8.81365
0.0849609 -8.74737
0.0869141 -8.67918
0.0889454 -8.60957
0.0908985 -8.5409
0.0928516 -8.46318
0.094883 -8.38355
0.0968361 -8.30725
0.0988674 -8.22762
0.100821 -8.14799
0.102774 -8.0612
0.104805 -7.96059
0.106758 -7.86951
0.108789 -7.77367
0.110743 -7.67305
0.112696 -7.5629
0.114727 -7.45419
0.11668 -7.3345
0.118711 -7.22292
0.120665 -7.09274
0.122618 -6.97306
0.124649 -6.83286
0.126602 -6.68647
0.128633 -6.54581
0.130587 -6.39799
0.13254 -6.23729
0.134571 -6.07088
0.136524 -5.87966
0.138477 -5.72278
0.140509 -5.55255
0.142462 -5.35514
0.144493 -5.1501
0.146446 -4.92122
0.148399 -4.71761
0.150431 -4.48825
0.152384 -4.24077
0.154415 -3.99567
0.156368 -3.7296
0.158321 -3.47401
0.160352 -3.1984
0.162305 -2.91325
0.164336 -2.62381
0.166289 -2.30909
0.168242 -1.99247
0.170274 -1.67013
0.172227 -1.34016
0.17418 -0.983481
0.176211 -0.618696
0.178164 -0.2563
0.180196 0.0879765
0.182149 0.472784
0.184102 0.870589
0.186133 1.28844
0.188087 1.68493
0.190118 2.11447
0.192071 2.52822
0.194024 2.9879
0.196055 3.40966
0.198009 3.8577
0.20004 4.31298
0.201993 4.76021
0.203946 5.21111
0.205977 5.68027
0.207931 6.13127
0.209962 6.64403
0.211915 7.07081
0.213868 7.55861
0.215899 8.00636
0.217853 8.47128
0.219806 8.8847
0.221837 9.32435
0.22379 9.77687
0.225821 10.227
0.227775 10.65
0.229728 11.0844
0.231759 11.494
0.233712 11.9074
0.235744 12.2965
0.237697 12.656
0.23965 13.0265
0.241681 13.3832
0.243634 13.7141
0.245665 14.0288
0.247618 14.3316
0.249571 14.6287
0.251602 14.91
0.253555 15.1632
0.255587 15.3878
0.25754 15.61
0.259493 15.7912
0.261524 15.9729
0.263477 16.1555
0.26543 16.281
0.267462 16.4292
0.269415 16.5275
0.271446 16.6338
0.273399 16.7292
0.275352 16.7735
0.277384 16.8088
0.279337 16.8317
0.281368 16.8436
0.283321 16.8746
0.285275 16.826
0.287306 16.7978
0.289259 16.7525
0.29129 16.7072
0.293243 16.6453
0.295197 16.5628
0.297228 16.4664
0.299181 16.3501
0.301134 16.2485
0.303165 16.1446
0.305119 16.0216
0.30715 15.8947
0.309103 15.7631
0.311056 15.6239
0.313087 15.4889
0.315041 15.3416
0.317072 15.1837
0.319025 15.0235
0.320978 14.8709
0.323009 14.7131
0.324963 14.5543
0.326994 14.3898
0.328947 14.2215
0.3309 14.0651
0.332931 13.9025
0.334884 13.737
0.336915 13.5754
0.338868 13.4004
0.340821 13.2502
0.342853 13.0823
0.344806 12.9235
0.346759 12.7714
0.34879 12.6141
0.350743 12.4596
0.352775 12.3079
0.354728 12.1534
0.356681 12.0109
0.358712 11.8559
0.360665 11.7157
0.362697 11.5726
0.36465 11.4329
0.366603 11.2946
0.368634 11.1578
0.370587 11.0238
0.372619 10.8965
0.374572 10.762
0.376525 10.6352
0.378556 10.5045
0.380509 10.3867
0.382541 10.2656
0.384494 10.1474
0.386447 10.032
0.388478 9.91801
0.390431 9.80643
0.392385 9.69485
0.394416 9.58661
0.396369 9.48123
0.3984 9.3768
0.400353 9.2738
0.402307 9.17319
0.404338 9.07687
0.406291 8.97864
0.408322 8.88279
0.410275 8.79124
0.412229 8.69874
0.414259 8.60766
0.416212 8.5204
0.418243 8.43123
0.420197 8.34826
0.42215 8.26338
0.424181 8.17994
0.426134 8.09982
0.428087 8.02114
0.430119 7.94771
0.432072 7.86617
0.434103 7.79036
0.436056 7.71645
0.438009 7.64444
0.440041 7.57387
0.441994 7.50139
0.444025 7.43368
0.445978 7.3674
0.447931 7.29826
0.449963 7.23293
0.451916 7.16999
0.453947 7.10657
0.4559 7.0422
0.457853 6.98021
0.459885 6.91774
0.461838 6.85956
0.463869 6.80091
0.465822 6.74322
0.467775 6.68695
0.469807 6.63211
0.47176 6.57489
0.473713 6.52101
0.475744 6.46713
0.477697 6.41563
0.479729 6.36175
0.481682 6.31025
0.483635 6.26161
0.485666 6.21059
0.487619 6.16243
0.489651 6.1157
0.491604 6.06706
0.493557 6.02224
0.495588 5.97312
0.497541 5.92735
0.499572 5.883
0.501525 5.83866
0.503478 5.79669
0.505509 5.75283
0.507463 5.71086
0.509494 5.66843
0.511447 5.62789
0.5134 5.58784
0.515431 5.54635
0.517385 5.50534
0.519338 5.46767
0.521369 5.42905
0.523322 5.3909
0.525353 5.35323
0.527307 5.31747
0.52926 5.27884
0.531291 5.24356
0.533244 5.20875
0.535275 5.17346
0.537229 5.13722
0.539182 5.10146
0.541213 5.06951
0.543166 5.0347
0.545197 5.00323
0.547151 4.96985
0.549104 4.93695
0.551135 4.90596
0.553088 4.87449
0.555041 4.84302
0.557073 4.81154
0.559026 4.78103
0.561057 4.75146
0.56301 4.72142
0.564963 4.69234
0.566995 4.66563
0.568948 4.63559
0.570979 4.60603
0.572932 4.57837
0.574885 4.55071
0.576917 4.52401
0.57887 4.49683
0.580901 4.46918
0.582854 4.44295
0.584807 4.41815
0.586838 4.39193
0.588791 4.36522
0.590822 4.33995
0.592775 4.31563
0.594728 4.29036
0.59676 4.26747
0.598713 4.24267
0.600666 4.21835
0.602697 4.19499
0.60465 4.17258
0.606682 4.14826
0.608635 4.12632
0.610588 4.10248
0.612619 4.08055
0.614573 4.05861
0.616604 4.03716
0.618557 4.01331
0.62051 3.99186
0.622541 3.96992
0.624495 3.95133
0.626526 3.92891
0.628479 3.90841
0.630432 3.88981
0.632463 3.86931
0.634417 3.85071
0.636448 3.83021
0.638401 3.81018
0.640354 3.79111
0.642385 3.77347
0.644339 3.75344
0.646292 3.73484
0.648323 3.71624
0.650276 3.69956
0.652308 3.68001
0.654261 3.66427
0.656214 3.6452
0.658245 3.62803
0.660198 3.61134
0.66223 3.59417
0.664183 3.57796
0.666136 3.56175
0.668166 3.54363
0.67012 3.52885
0.672151 3.51216
0.674104 3.49738
0.676057 3.48164
0.678088 3.46638
0.680041 3.45065
0.681994 3.43634
0.684026 3.42061
0.685979 3.40582
0.68801 3.392
0.689963 3.37817
0.691916 3.36339
0.693948 3.35051
0.695901 3.33525
0.697932 3.32047
0.699885 3.3076
0.697932 3.22129
0.695901 3.16359
0.693948 3.11543
0.691916 3.07013
