0.689963 2.75732
0.68801 2.72203
0.685979 2.68866
0.684026 2.65766
0.681994 2.63
0.680041 2.60139
0.678088 2.57326
0.676057 2.54799
0.674104 2.52224
0.672151 2.49697
0.67012 2.47313
0.668166 2.44928
0.666136 2.42687
0.664183 2.40541
0.66223 2.38539
0.660198 2.36345
0.658245 2.34343
0.656214 2.32197
0.654261 2.30242
0.652308 2.2843
0.650276 2.26618
0.648323 2.24567
0.646292 2.22708
0.644339 2.20896
0.642385 2.19179
0.640354 2.17367
0.638401 2.1546
0.636448 2.13839
0.634417 2.12217
0.632463 2.10548
0.630432 2.08975
0.628479 2.07306
0.626526 2.05685
0.624495 2.04159
0.622541 2.02442
0.62051 2.01012
0.618557 1.99533
0.616604 1.98055
0.614573 1.96386
0.612619 1.94908
0.610588 1.93573
0.608635 1.92095
0.606682 1.90521
0.60465 1.89138
0.602697 1.87803
0.600666 1.8642
0.598713 1.85085
0.59676 1.8375
0.594728 1.82224
0.592775 1.80984
0.590822 1.79601
0.588791 1.78361
0.586838 1.77026
0.584807 1.75882
0.582854 1.74404
0.580901 1.73164
0.57887 1.71876
0.576917 1.70827
0.574885 1.69445
0.572932 1.68062
0.570979 1.66965
0.568948 1.65821
0.566995 1.64724
0.564963 1.63341
0.56301 1.62244
0.561057 1.61052
0.559026 1.59908
0.557073 1.58716
0.555041 1.57476
0.553088 1.56427
0.551135 1.55092
0.549104 1.54186
0.547151 1.52994
0.545197 1.51992
0.543166 1.50896
0.541213 1.49656
0.539182 1.48607
0.537229 1.47796
0.535275 1.46509
0.533244 1.45507
0.531291 1.44363
0.52926 1.43362
0.527307 1.4236
0.525353 1.4112
0.523322 1.40214
0.521369 1.39022
0.519338 1.38116
0.517385 1.36972
0.515431 1.36114
0.5134 1.35017
0.511447 1.33968
0.509494 1.33014
0.507463 1.31917
0.505509 1.31011
0.503478 1.30105
0.501525 1.29009
0.499572 1.28103
0.497541 1.27197
0.495588 1.26052
0.493557 1.25194
0.491604 1.24193
0.489651 1.23382
0.487619 1.22285
0.485666 1.21427
0.483635 1.20378
0.481682 1.19145
0.479729 1.18216
0.477697 1.173
0.475744 1.1626
0.473713 1.15478
0.47176 1.14549
0.469807 1.13562
0.467775 1.12498
0.465822 1.11692
0.463869 1.10672
0.461838 1.09752
0.459885 1.08831
0.457853 1.08021
0.4559 1.07043
0.453947 1.06137
0.451916 1.05064
0.449963 1.04292
0.447931 1.03381
0.445978 1.02442
0.444025 1.0134
0.441994 1.00525
0.440041 0.994901
0.438009 0.986175
0.436056 0.976781
0.434103 0.967816
0.432072 0.957612
0.430119 0.949744
0.428087 0.936297
0.426134 0.928524
0.424181 0.916365
0.42215 0.907544
0.420197 0.897864
0.418243 0.886277
0.416212 0.879076
0.414259 0.867489
0.412229 0.858239
0.410275 0.846413
0.408322 0.834063
0.406291 0.823287
0.404338 0.813368
0.402307 0.80159
0.400353 0.789049
0.3984 0.77832
0.396369 0.765446
0.394416 0.75281
0.392385 0.740746
0.390431 0.728157
0.388478 0.71452
0.386447 0.700644
0.384494 0.68567
0.382541 0.670793
0.380509 0.656106
0.378556 0.639513
0.376525 0.627592
0.374572 0.609519
0.372619 0.590875
0.370587 0.573232
0.368634 0.553634
0.366603 0.533225
0.36465 0.513436
0.362697 0.491597
0.360665 0.47014
0.358712 0.446107
0.356681 0.424839
0.354728 0.396325
0.352775 0.370909
0.350743 0.342585
0.34879 0.31283
0.346759 0.282169
0.344806 0.248505
0.342853 0.214745
0.340821 0.178075
0.338868 0.137926
0.336915 0.10345
0.334884 0.059104
0.332931 0.0158072
0.3309 -0.0313997
0.328947 -0.0855212
0.326994 -0.136924
0.324963 -0.191427
0.323009 -0.250221
0.320978 -0.314881
0.319025 -0.383784
0.317072 -0.447633
0.315041 -0.521733
0.313087 -0.600603
0.311056 -0.687864
0.309103 -0.773361
0.30715 -0.866965
0.305119 -0.965051
0.303165 -1.06442
0.301134 -1.18039
0.299181 -1.29421
0.297228 -1.40517
0.295197 -1.53196
0.293243 -1.66443
0.29129 -1.81115
0.289259 -1.9666
0.287306 -2.12491
0.285275 -2.29419
0.283321 -2.45217
0.281368 -2.65649
0.279337 -2.84694
0.277384 -3.0495
0.275352 -3.25564
0.273399 -3.4748
0.271446 -3.71632
0.269415 -3.96685
0.267462 -4.21166
0.26543 -4.49433
0.263477 -4.75878
0.261524 -5.05781
0.259493 -5.3533
0.25754 -5.64928
0.255587 -5.98087
0.253555 -6.30929
0.251602 -6.66025
0.249571 -7.03075
0.247618 -7.40746
0.245665 -7.78559
0.243634 -8.17278
0.241681 -8.57905
0.23965 -9.00439
0.237697 -9.43259
0.235744 -9.8503
0.233712 -10.2981
0.231759 -10.7644
0.229728 -11.2293
0.227775 -11.7076
0.225821 -12.1739
0.22379 -12.6637
0.221837 -13.1591
0.219806 -13.6312
0.217853 -14.0832
0.215899 -14.591
0.213868 -15.0879
0.211915 -15.5995
0.209962 -16.054
0.207931 -16.5904
0.205977 -17.0668
0.203946 -17.5574
0.201993 -18.0271
0.20004 -18.4911
0.198009 -18.9574
0.196055 -19.4076
0.194024 -19.8301
0.192071 -20.2921
0.190118 -20.6903
0.188087 -21.1047
0.186133 -21.469
0.184102 -21.8614
0.182149 -22.2095
0.180196 -22.5442
0.178164 -22.8194
0.176211 -23.1198
0.17418 -23.4121
0.172227 -23.6786
0.170274 -23.9056
0.168242 -24.1245
0.166289 -24.329
0.164336 -24.5136
0.162305 -24.6676
0.160352 -24.8121
0.158321 -24.9241
0.156368 -25.0104
0.154415 -25.1149
0.152384 -25.1769
0.150431 -25.2317
0.148399 -25.2584
0.146446 -25.2517
0.144493 -25.2746
0.142462 -25.2579
0.140509 -25.2226
0.138477 -25.142
0.136524 -25.061
0.134571 -25.0371
0.13254 -24.9518
0.130587 -24.8641
0.128633 -24.7601
0.126602 -24.6509
0.124649 -24.5474
0.122618 -24.4277
0.120665 -24.2899
0.118711 -24.165
0.11668 -24.0181
0.114727 -23.8865
0.112696 -23.7401
0.110743 -23.5971
0.108789 -23.4445
0.106758 -23.2886
0.104805 -23.1265
0.102774 -22.9839
0.100821 -22.8265
0.0988674 -22.6563
0.0968361 -22.4989
0.094883 -22.343
0.0928516 -22.1904
0.0908985 -22.0345
0.0889454 -21.879
0.0869141 -21.7245
0.0849609 -21.5715
0.0830078 -21.4203
0.0809765 -21.273
0.0790234 -21.1204
0.076993 -20.9769
0.0750389 -20.8338
0.0730858 -20.6874
0.0710554 -20.5506
0.0691023 -20.4089
0.067071 -20.2735
0.0651178 -20.14
0.0631647 -20.0008
0.0611334 -19.8758
0.0591803 -19.7342
0.0571489 -19.6122
0.0551958 -19.4891
0.0532427 -19.3651
0.0512114 -19.2445
0.0492582 -19.1277
0.0472269 -19.0089
0.0452738 -18.8993
0.0433207 -18.7805
0.0412893 -18.6713
0.0393362 -18.5598
0.0373831 -18.4563
0.0353518 -18.349
0.0333986 -18.2508
0.0313673 -18.1416
0.0294142 -18.0438
0.0274611 -17.9451
0.0254297 -17.8507
0.0234766 -17.7525
0.0214453 -17.6614
0.0194921 -17.5617
0.017539 -17.4797
0.0155077 -17.3872
0.0135546 -17.3028
0.0115232 -17.2146
0.00957012 -17.1288
0.007617 -17.0487
0.00558567 -16.9676
0.00363255 -16.888
0.00167942 -16.8093
-0.000351906 -16.7268
-0.00230503 -16.6553
-0.00433636 -16.5814
-0.00628948 -16.5079
-0.00824261 -16.4331
-0.010273 -16.3587
-0.0122261 -16.2938
-0.0142574 -16.2247
-0.0162106 -16.1546
-0.0181637 -16.0888
-0.020195 -16.0111
-0.0221481 -15.9529
-0.0241795 -15.8895
-0.0261326 -15.8256
-0.0280857 -15.7679
-0.030117 -15.6983
-0.0320702 -15.642
-0.0341015 -15.5824
-0.0360546 -15.5228
-0.0380077 -15.467
-0.0400391 -15.4121
-0.0419922 -15.3511
-0.0439453 -15.2996
-0.0459766 -15.2438
-0.0479298 -15.189
-0.0499611 -15.1337
-0.0519142 -15.0846
-0.0538673 -15.035
-0.0558987 -14.9844
-0.0578518 -14.9301
-0.0598831 -14.8805
-0.0618362 -14.8352
-0.0637894 -14.787
-0.0658207 -14.7384
-0.0677738 -14.6893
-0.0698051 -14.6473
-0.0717583 -14.602
-0.0737114 -14.5538
-0.0757427 -14.51
-0.0776958 -14.4685
-0.0797272 -14.4241
-0.0816803 -14.3822
-0.0836334 -14.3393
-0.0856647 -14.2997
-0.0876179 -14.2572
-0.089571 -14.2167
-0.0916023 -14.1781
-0.0935555 -14.138
-0.0955858 -14.0985
-0.0975389 -14.0589
-0.0994921 -14.0188
-0.0975389 -13.8352
-0.0955858 -13.6989
-0.0935555 -13.583
-0.0916023 -13.4805
-0.089571 -13.3832
-0.0876179 -13.2974
-0.0856647 -13.2149
-0.0836334 -13.131
-0.0816803 -13.0566
-0.0797272 -12.9846
-0.0776958 -12.9149
-0.0757427 -12.8458
-0.0737114 -12.7786
-0.0717583 -12.7151
-0.0698051 -12.6503
-0.0677738 -12.5869
-0.0658207 -12.5273
-0.0637894 -12.4643
-0.0618362 -12.409
-0.0598831 -12.348
-0.0578518 -12.2936
-0.0558987 -12.2393
-0.0538673 -12.1854
-0.0519142 -12.1282
-0.0499611 -12.0762
-0.0479298 -12.0247
-0.0459766 -11.9746
-0.0439453 -11.9212
-0.0419922 -11.8702
-0.0400391 -11.823
-0.0380077 -11.7734
-0.0360546 -11.7262
-0.0341015 -11.6766
-0.0320702 -11.6313
-0.030117 -11.5827
-0.0280857 -11.5374
-0.0261326 -11.4897
-0.0241795 -11.4458
-0.0221481 -11.3981
-0.020195 -11.3557
-0.0181637 -11.3142
-0.0162106 -11.2679
-0.0142574 -11.2265
-0.0122261 -11.1793
-0.010273 -11.134
-0.00824261 -11.0929
-0.00628948 -11.0515
-0.00433636 -11.0057
-0.00230503 -10.9632
-0.000351906 -10.9189
0.00167942 -10.8808
0.00363255 -10.8374
0.00558567 -10.794
0.007617 -10.7534
0.00957012 -10.7105
0.0115232 -10.6686
0.0135546 -10.6276
0.0155077 -10.5861
0.017539 -10.5431
0.0194921 -10.5007
0.0214453 -10.4626
0.0234766 -10.4196
0.0254297 -10.3805
0.0274611 -10.3362
0.0294142 -10.2923
0.0313673 -10.2485
0.0333986 -10.2089
0.0353518 -10.1669
0.0373831 -10.1216
0.0393362 -10.0782
0.0412893 -10.0363
0.0433207 -9.98811
0.0452738 -9.94758
0.0472269 -9.89799
0.0492582 -9.85745
0.0512114 -9.8112
0.0532427 -9.76209
0.0551958 -9.71631
0.0571489 -9.66767
0.0591803 -9.61617
0.0611334 -9.5766
0.0631647 -9.52176
0.0651178 -9.47408
0.067071 -9.41876
0.0691023 -9.36535
0.0710554 -9.31195
0.0730858 -9.2533
0.0750389 -9.19798
0.076993 -9.1379
0.0790234 -9.07687
0.0809765 -9.01679
0.0830078 -8.95289
0.0849609 -8.88995
0.0869141 -8.82462
0.0889454 -8.75596
0.0908985 -8.68729
0.0928516 -8.61147
0.094883 -8.53327
0.0968361 -8.45555
0.0988674 -8.37878
0.100821 -8.3001
0.102774 -8.21236
0.104805 -8.11604
0.106758 -8.0283
0.108789 -7.93055
0.110743 -7.82755
0.112696 -7.72074
0.114727 -7.61583
0.11668 -7.49376
0.118711 -7.38409
0.120665 -7.25439
0.122618 -7.13947
0.124649 -6.99928
0.126602 -6.85337
0.128633 -6.71222
0.130587 -6.56583
0.13254 -6.40657
0.134571 -6.24444
0.136524 -6.05085
0.138477 -5.89349
0.140509 -5.72517
0.142462 -5.52775
0.144493 -5.32319
0.146446 -5.09574
0.148399 -4.89118
0.150431 -4.66277
0.152384 -4.41958
0.154415 -4.17305
0.156368 -3.90746
0.158321 -3.65044
0.160352 -3.37578
0.162305 -3.09158
0.164336 -2.80119
0.166289 -2.48552
0.168242 -2.16986
0.170274 -1.84751
0.172227 -1.51706
0.17418 -1.16611
0.176211 -0.800853
0.178164 -0.434637
0.180196 -0.0874996
0.182149 0.295401
0.184102 0.693014
0.186133 1.11092
0.188087 1.50827
0.190118 1.94109
0.192071 2.34903
0.194024 2.81409
0.196055 3.23638
0.198009 3.68413
0.20004 4.13622
0.201993 4.58426
0.203946 5.03826
0.205977 5.50785
0.207931 5.95283
0.209962 6.47571
0.211915 6.89581
0.213868 7.3798
0.215899 7.83995
0.217853 8.29819
0.219806 8.70732
0.221837 9.14219
0.22379 9.59901
0.225821 10.0496
0.227775 10.4659
0.229728 10.9013
0.231759 11.3109
0.233712 11.7248
0.235744 12.1139
0.237697 12.4696
0.23965 12.8339
0.241681 13.191
0.243634 13.5229
0.245665 13.8286
0.247618 14.1333
0.249571 14.4227
0.251602 14.6993
0.253555 14.951
0.255587 15.1747
0.25754 15.3964
0.259493 15.5724
0.261524 15.7464
0.263477 15.9219
0.26543 16.0478
0.267462 16.1961
0.269415 16.2881
0.271446 16.3901
0.273399 16.4745
0.275352 16.5198
0.277384 16.548
0.279337 16.5671
0.281368 16.5761
0.283321 16.6028
0.285275 16.5466
0.287306 16.517
0.289259 16.4683
0.29129 16.4192
0.293243 16.351
0.295197 16.2614
0.297228 16.1632
0.299181 16.0444
0.301134 15.9372
0.303165 15.8289
0.305119 15.704
0.30715 15.5752
0.309103 15.4379
0.311056 15.2944
0.313087 15.1585
0.315041 15.0054
0.317072 14.8442
0.319025 14.6821
0.320978 14.5262
0.323009 14.3674
0.324963 14.2015
0.326994 14.0346
0.328947 13.8696
0.3309 13.7051
0.332931 13.542
0.334884 13.3756
0.336915 13.2106
0.338868 13.0342
0.340821 12.882
0.342853 12.7161
0.344806 12.5568
0.346759 12.3981
0.34879 12.2431
0.350743 12.0838
0.352775 11.9312
0.354728 11.7743
0.356681 11.6332
0.358712 11.4758
0.360665 11.3347
0.362697 11.1883
0.36465 11.0491
0.366603 10.9103
0.368634 10.772
0.370587 10.6371
0.372619 10.5083
0.374572 10.3729
0.376525 10.2475
0.378556 10.1145
0.380509 9.99335
0.382541 9.87176
0.384494 9.75446
0.386447 9.63811
0.388478 9.52462
0.390431 9.41257
0.392385 9.29955
0.394416 9.18988
0.396369 9.08354
0.3984 8.98007
0.400353 8.87612
0.402307 8.77217
0.404338 8.67537
0.406291 8.57857
0.408322 8.48177
0.410275 8.39022
0.412229 8.29533
0.414259 8.20521
0.416212 8.11747
0.418243 8.02782
0.420197 7.94247
0.42215 7.85902
0.424181 7.7751
0.426134 7.69308
0.428087 7.61536
0.430119 7.54002
0.432072 7.45895
0.434103 7.38409
0.436056 7.3078
0.438009 7.23627
0.440041 7.16379
0.441994 7.09274
0.444025 7.02265
0.445978 6.95494
0.447931 6.88675
0.449963 6.82142
0.451916 6.75657
0.453947 6.6941
0.4559 6.62878
0.457853 6.56822
0.459885 6.5048
0.461838 6.44519
0.463869 6.38559
0.465822 6.32885
0.467775 6.27115
0.469807 6.21488
0.47176 6.15861
0.473713 6.10378
0.475744 6.05037
0.477697 5.99792
0.479729 5.94594
0.481682 5.89445
0.483635 5.84342
0.485666 5.79336
0.487619 5.74472
0.489651 5.69704
0.491604 5.64792
0.493557 5.60214
0.495588 5.5535
0.497541 5.50725
0.499572 5.461
0.501525 5.4176
0.503478 5.37564
0.505509 5.32939
0.507463 5.28886
0.509494 5.24594
0.511447 5.20398
0.5134 5.16154
0.515431 5.12244
0.517385 5.08286
0.519338 5.04472
0.521369 5.00276
0.523322 4.96652
0.525353 4.92789
0.527307 4.89118
0.52926 4.85446
0.531291 4.81631
0.533244 4.78007
0.535275 4.74717
0.537229 4.70998
0.539182 4.67517
0.541213 4.63941
0.543166 4.60841
0.545197 4.5736
0.547151 4.54118
0.549104 4.50732
0.551135 4.47728
0.553088 4.44438
0.555041 4.41291
0.557073 4.38334
0.559026 4.35091
0.561057 4.32183
0.56301 4.29274
0.564963 4.26079
0.566995 4.23314
0.568948 4.20262
0.570979 4.17449
0.572932 4.14826
0.574885 4.1187
0.576917 4.09342
0.57887 4.06338
0.580901 4.0362
0.582854 4.00998
0.584807 3.98375
0.586838 3.95943
0.588791 3.93225
0.590822 3.90603
0.592775 3.88218
0.594728 3.85548
0.59676 3.83355
0.598713 3.8078
0.600666 3.78491
0.602697 3.76059
0.60465 3.73723
0.606682 3.71529
0.608635 3.69002
0.610588 3.66761
0.612619 3.64377
0.614573 3.62326
0.616604 3.60228
0.618557 3.57796
0.62051 3.55746
0.622541 3.53552
0.624495 3.51407
0.626526 3.49308
0.628479 3.47401
0.630432 3.45446
0.632463 3.43253
0.634417 3.41488
0.636448 3.39343
0.638401 3.37292
0.640354 3.3548
0.642385 3.33382
0.644339 3.31666
0.646292 3.2971
0.648323 3.27899
0.650276 3.26182
0.652308 3.24227
0.654261 3.22701
0.656214 3.20794
0.658245 3.19077
0.660198 3.17265
0.66223 3.15596
0.664183 3.13927
0.666136 3.1221
0.668166 3.10589
0.67012 3.09111
0.672151 3.07394
0.674104 3.05725
0.676057 3.04104
0.678088 3.02721
0.680041 3.01243
0.681994 2.99717
0.684026 2.98286
0.685979 2.96808
0.68801 2.95092
0.689963 2.939
0.691916 2.92231
0.693948 2.91086
0.695901 2.8956
0.697932 2.88034
0.699885 2.86747
0.697932 2.78307
0.695901 2.72633
0.693948 2.67721
0.691916 2.63334
