0.689963 0.14956
0.68801 0.141311
0.685979 0.134969
0.684026 0.128675
0.681994 0.122715
0.680041 0.11704
0.678088 0.112415
0.676057 0.107646
0.674104 0.103689
0.672151 0.0994925
0.67012 0.0958209
0.668166 0.0920062
0.666136 0.0883822
0.664183 0.0851398
0.66223 0.0825171
0.660198 0.0788932
0.658245 0.0759845
0.656214 0.073791
0.654261 0.0706439
0.652308 0.0681643
0.650276 0.0659232
0.648323 0.0633006
0.646292 0.0609159
0.644339 0.0590563
0.642385 0.0567675
0.640354 0.0550985
0.638401 0.0525713
0.636448 0.0509501
0.634417 0.0485182
0.632463 0.0471354
0.630432 0.0451326
0.628479 0.0433683
0.626526 0.0422716
0.624495 0.0404596
0.622541 0.0383615
0.62051 0.0371218
0.618557 0.0352144
0.616604 0.0344515
0.614573 0.0330687
0.612619 0.0314951
0.610588 0.0298738
0.608635 0.0291109
0.606682 0.0271559
0.60465 0.0256777
0.602697 0.0248671
0.600666 0.0235796
0.598713 0.0221491
0.59676 0.0212431
0.594728 0.0196218
0.592775 0.0190973
0.590822 0.0175714
0.588791 0.0165701
0.586838 0.0156164
0.584807 0.0143766
0.582854 0.0133753
0.580901 0.0123262
0.57887 0.0111818
0.576917 0.010848
0.574885 0.00936985
0.572932 0.00846386
0.570979 0.00770092
0.568948 0.00655651
0.566995 0.00588894
0.564963 0.00460148
0.56301 0.0036478
0.561057 0.00326633
0.559026 0.0013113
0.557073 0.0010252
0.555041 0.000119209
0.553088 -0.000500679
0.551135 -0.00112057
0.549104 -0.00259876
0.547151 -0.0027895
0.545197 -0.00388622
0.543166 -0.0048399
0.541213 -0.0054121
0.539182 -0.00646114
0.537229 -0.00712872
0.535275 -0.00784397
0.533244 -0.00851154
0.531291 -0.00913143
0.52926 -0.0100374
0.527307 -0.0106096
0.525353 -0.0117064
0.523322 -0.012517
0.521369 -0.0133753
0.519338 -0.0135183
0.517385 -0.0151396
0.515431 -0.0151396
0.5134 -0.0159025
0.511447 -0.0169039
0.509494 -0.0172377
0.507463 -0.0179052
0.505509 -0.0190496
0.503478 -0.019002
0.501525 -0.0205755
0.499572 -0.0208139
0.497541 -0.0212908
0.495588 -0.0223398
0.493557 -0.0226259
0.491604 -0.0235796
0.489651 -0.0242472
0.487619 -0.0252485
0.485666 -0.0255823
0.483635 -0.0262976
0.481682 -0.0271559
0.479729 -0.0274897
0.477697 -0.0286341
0.475744 -0.0294924
0.473713 -0.0302553
0.47176 -0.0310183
0.469807 -0.0314474
0.467775 -0.0324011
0.465822 -0.0335455
0.463869 -0.0337839
0.461838 -0.034976
0.459885 -0.0357389
0.457853 -0.0358343
0.4559 -0.0369787
0.453947 -0.0378847
0.451916 -0.0385046
0.449963 -0.039649
0.447931 -0.040555
0.445978 -0.0409365
0.444025 -0.0421286
0.441994 -0.0431299
0.440041 -0.0439882
0.438009 -0.0452757
0.436056 -0.0461817
0.434103 -0.0472307
0.432072 -0.0486135
0.430119 -0.048852
0.428087 -0.0509024
0.426134 -0.0517607
0.424181 -0.0531435
0.42215 -0.054431
0.420197 -0.05548
0.418243 -0.0575304
0.416212 -0.0587225
0.414259 -0.060153
0.412229 -0.0622034
0.410275 -0.0637298
0.408322 -0.0655894
0.406291 -0.0678306
0.404338 -0.0697856
0.402307 -0.0717406
0.400353 -0.0737433
0.3984 -0.0762229
0.396369 -0.0789409
0.394416 -0.0819926
0.392385 -0.0852351
0.390431 -0.08781
0.388478 -0.0909095
0.386447 -0.0949626
0.384494 -0.0994449
0.382541 -0.102354
0.380509 -0.107027
0.378556 -0.112319
0.376525 -0.114942
0.374572 -0.120044
0.372619 -0.126005
0.370587 -0.132537
0.368634 -0.138784
0.366603 -0.145555
0.36465 -0.152755
0.362697 -0.160814
0.360665 -0.168729
0.358712 -0.178266
0.356681 -0.186182
0.354728 -0.197769
0.352775 -0.20764
0.350743 -0.220276
0.34879 -0.23234
0.346759 -0.246597
0.344806 -0.260998
0.342853 -0.276495
0.340821 -0.292326
0.338868 -0.312019
0.336915 -0.327231
0.334884 -0.34907
0.332931 -0.370432
0.3309 -0.394608
0.328947 -0.420643
0.326994 -0.446107
0.324963 -0.475051
0.323009 -0.506093
0.320978 -0.539519
0.319025 -0.574901
0.317072 -0.611808
0.315041 -0.651577
0.313087 -0.694063
0.311056 -0.743464
0.309103 -0.79253
0.30715 -0.84484
0.305119 -0.901679
0.303165 -0.960425
0.301134 -1.02723
0.299181 -1.09446
0.297228 -1.15927
0.295197 -1.23575
0.293243 -1.31524
0.29129 -1.40627
0.289259 -1.50045
0.287306 -1.59767
0.285275 -1.70325
0.283321 -1.80152
0.281368 -1.93246
0.279337 -2.05138
0.277384 -2.18094
0.275352 -2.31155
0.273399 -2.45322
0.271446 -2.61096
0.269415 -2.77518
0.267462 -2.93206
0.26543 -3.11879
0.263477 -3.28969
0.261524 -3.49049
0.259493 -3.68442
0.25754 -3.87763
0.255587 -4.09927
0.253555 -4.31976
0.251602 -4.55317
0.249571 -4.79831
0.247618 -5.05008
0.245665 -5.30204
0.243634 -5.55801
0.241681 -5.83081
0.23965 -6.11196
0.237697 -6.40419
0.235744 -6.6798
0.233712 -6.97306
0.231759 -7.28205
0.229728 -7.57864
0.227775 -7.89145
0.225821 -8.18852
0.22379 -8.50323
0.221837 -8.81794
0.219806 -9.105
0.217853 -9.38014
0.215899 -9.69342
0.213868 -9.99097
0.211915 -10.3009
0.209962 -10.5617
0.207931 -10.8798
0.205977 -11.1463
0.203946 -11.4181
0.201993 -11.6728
0.20004 -11.915
0.198009 -12.1587
0.196055 -12.3842
0.194024 -12.5854
0.192071 -12.8134
0.190118 -12.9865
0.188087 -13.1724
0.186133 -13.3222
0.184102 -13.4843
0.182149 -13.6154
0.180196 -13.7337
0.178164 -13.8066
0.176211 -13.9058
0.17418 -13.9955
0.172227 -14.0627
0.170274 -14.1099
0.168242 -14.1452
0.166289 -14.1728
0.164336 -14.1981
0.162305 -14.1957
0.160352 -14.1905
0.158321 -14.1733
0.156368 -14.1423
0.154415 -14.1209
0.152384 -14.0813
0.150431 -14.035
0.148399 -13.9807
0.146446 -13.9106
0.144493 -13.8567
0.142462 -13.7861
0.140509 -13.7103
0.138477 -13.6135
0.136524 -13.5234
0.134571 -13.46
0.13254 -13.3727
0.130587 -13.2878
0.128633 -13.1949
0.126602 -13.1062
0.124649 -13.0198
0.122618 -12.9312
0.120665 -12.8329
0.118711 -12.7476
0.11668 -12.6541
0.114727 -12.5683
0.112696 -12.4796
0.110743 -12.3952
0.108789 -12.3065
0.106758 -12.2216
0.104805 -12.1348
0.102774 -12.0566
0.100821 -11.9751
0.0988674 -11.8907
0.0968361 -11.8134
0.094883 -11.7381
0.0928516 -11.6661
0.0908985 -11.5941
0.0889454 -11.5211
0.0869141 -11.452
0.0849609 -11.3848
0.0830078 -11.319
0.0809765 -11.2546
0.0790234 -11.1912
0.076993 -11.1311
0.0750389 -11.0739
0.0730858 -11.0143
0.0710554 -10.9599
0.0691023 -10.9055
0.067071 -10.8521
0.0651178 -10.8011
0.0631647 -10.7482
0.0611334 -10.701
0.0591803 -10.649
0.0571489 -10.6042
0.0551958 -10.5589
0.0532427 -10.515
0.0512114 -10.4735
0.0492582 -10.432
0.0472269 -10.3896
0.0452738 -10.3529
0.0433207 -10.3119
0.0412893 -10.2752
0.0393362 -10.2384
0.0373831 -10.2027
0.0353518 -10.1684
0.0333986 -10.135
0.0313673 -10.0992
0.0294142 -10.0687
0.0274611 -10.0372
0.0254297 -10.0058
0.0234766 -9.97333
0.0214453 -9.94567
0.0194921 -9.91372
0.017539 -9.88702
0.0155077 -9.85888
0.0135546 -9.83075
0.0115232 -9.80453
0.00957012 -9.77782
0.007617 -9.7516
0.00558567 -9.72537
0.00363255 -9.70057
0.00167942 -9.67626
-0.000351906 -9.65051
-0.00230503 -9.6281
-0.00433636 -9.60425
-0.00628948 -9.58041
-0.00824261 -9.55752
-0.010273 -9.53416
-0.0122261 -9.51365
-0.0142574 -9.49124
-0.0162106 -9.46931
-0.0181637 -9.4469
-0.020195 -9.42306
-0.0221481 -9.40398
-0.0241795 -9.38443
-0.0261326 -9.36249
-0.0280857 -9.34294
-0.030117 -9.32196
-0.0320702 -9.30336
-0.0341015 -9.28238
-0.0360546 -9.26379
-0.0380077 -9.24376
-0.0400391 -9.22516
-0.0419922 -9.20561
-0.0439453 -9.18749
-0.0459766 -9.16937
-0.0479298 -9.15173
-0.0499611 -9.13218
-0.0519142 -9.11549
-0.0538673 -9.09737
-0.0558987 -9.08068
-0.0578518 -9.06209
-0.0598831 -9.04444
-0.0618362 -9.02871
-0.0637894 -9.01202
-0.0658207 -8.99533
-0.0677738 -8.97816
-0.0698051 -8.9629
-0.0717583 -8.94764
-0.0737114 -8.93143
-0.0757427 -8.91617
-0.0776958 -8.90044
-0.0797272 -8.88566
-0.0816803 -8.87135
-0.0836334 -8.85705
-0.0856647 -8.84226
-0.0876179 -8.82843
-0.089571 -8.81508
-0.0916023 -8.80221
-0.0935555 -8.78743
-0.0955858 -8.77598
-0.0975389 -8.76168
-0.0994921 -8.7469
-0.0975389 -8.68014
-0.0955858 -8.6315
-0.0935555 -8.58811
-0.0916023 -8.55235
-0.089571 -8.51754
-0.0876179 -8.48464
-0.0856647 -8.45698
-0.0836334 -8.42789
-0.0816803 -8.40071
-0.0797272 -8.37639
-0.0776958 -8.35064
-0.0757427 -8.32633
-0.0737114 -8.30487
-0.0717583 -8.28293
-0.0698051 -8.261
-0.0677738 -8.24002
-0.0658207 -8.22094
-0.0637894 -8.20139
-0.0618362 -8.1828
-0.0598831 -8.16515
-0.0578518 -8.14608
-0.0558987 -8.12987
-0.0538673 -8.11317
-0.0519142 -8.09601
-0.0499611 -8.08027
-0.0479298 -8.06597
-0.0459766 -8.04976
-0.0439453 -8.03545
-0.0419922 -8.02019
-0.0400391 -8.00732
-0.0380077 -7.99492
-0.0360546 -7.98109
-0.0341015 -7.96822
-0.0320702 -7.95582
-0.030117 -7.94294
-0.0280857 -7.93293
-0.0261326 -7.91958
-0.0241795 -7.90909
-0.0221481 -7.89907
-0.020195 -7.88668
-0.0181637 -7.87905
-0.0162106 -7.86856
-0.0142574 -7.85854
-0.0122261 -7.84853
-0.010273 -7.83804
-0.00824261 -7.82993
-0.00628948 -7.82135
-0.00433636 -7.81181
-0.00230503 -7.80371
-0.000351906 -7.79369
0.00167942 -7.78654
0.00363255 -7.77987
0.00558567 -7.77128
0.007617 -7.76413
0.00957012 -7.75507
0.0115232 -7.74935
0.0135546 -7.74172
0.0155077 -7.73361
0.017539 -7.72789
0.0194921 -7.71978
0.0214453 -7.71406
0.0234766 -7.70739
0.0254297 -7.70166
0.0274611 -7.69356
0.0294142 -7.68784
0.0313673 -7.67878
0.0333986 -7.67401
0.0353518 -7.66781
0.0373831 -7.66018
0.0393362 -7.65255
0.0412893 -7.64683
0.0433207 -7.63968
0.0452738 -7.633
0.0472269 -7.62299
0.0492582 -7.61822
0.0512114 -7.60868
0.0532427 -7.6001
0.0551958 -7.59342
0.0571489 -7.58436
0.0591803 -7.57387
0.0611334 -7.56863
0.0631647 -7.55671
0.0651178 -7.54765
0.067071 -7.53668
0.0691023 -7.52428
0.0710554 -7.51236
0.0730858 -7.4971
0.0750389 -7.48661
0.076993 -7.47135
0.0790234 -7.45514
0.0809765 -7.44131
0.0830078 -7.42462
0.0849609 -7.4065
0.0869141 -7.38695
0.0889454 -7.36692
0.0908985 -7.34547
0.0928516 -7.32258
0.094883 -7.29635
0.0968361 -7.27108
0.0988674 -7.24533
0.100821 -7.21958
0.102774 -7.18716
0.104805 -7.15092
0.106758 -7.11754
0.108789 -7.08082
0.110743 -7.03934
0.112696 -6.99404
0.114727 -6.94921
0.11668 -6.89819
0.118711 -6.8505
0.120665 -6.7909
0.122618 -6.73892
0.124649 -6.6736
0.126602 -6.60493
0.128633 -6.53675
0.130587 -6.46474
0.13254 -6.3832
0.134571 -6.29976
0.136524 -6.19867
0.138477 -6.11999
0.140509 -6.03178
0.142462 -5.92306
0.144493 -5.80862
0.146446 -5.68225
0.148399 -5.56685
0.150431 -5.4362
0.152384 -5.29363
0.154415 -5.15058
0.156368 -4.98845
0.158321 -4.83777
0.160352 -4.67469
0.162305 -4.49969
0.164336 -4.3223
0.166289 -4.12489
0.168242 -3.92558
0.170274 -3.72483
0.172227 -3.51597
0.17418 -3.28804
0.176211 -3.05153
0.178164 -2.81645
0.180196 -2.60044
0.182149 -2.34486
0.184102 -2.08355
0.186133 -1.80555
0.188087 -1.54281
0.190118 -1.26148
0.192071 -0.991111
0.194024 -0.68069
0.196055 -0.407457
0.198009 -0.113726
0.20004 0.182867
0.201993 0.475051
0.203946 0.767305
0.205977 1.07019
0.207931 1.35482
0.209962 1.68546
0.211915 1.94214
0.213868 2.24713
0.215899 2.5267
0.217853 2.80512
0.219806 3.04502
0.221837 3.30128
0.22379 3.56692
0.225821 3.82589
0.227775 4.05711
0.229728 4.29773
0.231759 4.50944
0.233712 4.72226
0.235744 4.91566
0.237697 5.07631
0.23965 5.24764
0.241681 5.40256
0.243634 5.54213
0.245665 5.65553
0.247618 5.76496
0.249571 5.86514
0.251602 5.95384
0.253555 6.03797
0.255587 6.07946
0.25754 6.1219
0.259493 6.13668
0.261524 6.15051
0.263477 6.16577
0.26543 6.14717
0.267462 6.14336
0.269415 6.10425
0.271446 6.0766
0.273399 6.0375
0.275352 5.97789
0.277384 5.91114
0.279337 5.8439
0.281368 5.76713
0.283321 5.70657
0.285275 5.60262
0.287306 5.52012
0.289259 5.42809
0.29129 5.33845
0.293243 5.24356
0.295197 5.13913
0.297228 5.03613
0.299181 4.92551
0.301134 4.82537
0.303165 4.7281
0.305119 4.62319
0.30715 4.52306
0.309103 4.42149
0.311056 4.32087
0.313087 4.2236
0.315041 4.12394
0.317072 4.0238
0.319025 3.92605
0.320978 3.83307
0.323009 3.74152
0.324963 3.64996
0.326994 3.55937
0.328947 3.4721
0.3309 3.38818
0.332931 3.30378
0.334884 3.22129
0.336915 3.14166
0.338868 3.06107
0.340821 2.98811
0.342853 2.91277
0.344806 2.84315
0.346759 2.77258
0.34879 2.70439
0.350743 2.63859
0.352775 2.57421
0.354728 2.51032
0.356681 2.45167
0.358712 2.38968
0.360665 2.33389
0.362697 2.27715
0.36465 2.22326
0.366603 2.17081
0.368634 2.11931
0.370587 2.06972
0.372619 2.02156
0.374572 1.9734
0.376525 1.9281
0.378556 1.88185
0.380509 1.83845
0.382541 1.79697
0.384494 1.75596
0.386447 1.71686
0.388478 1.67776
0.390431 1.64009
0.392385 1.60385
0.394416 1.56761
0.396369 1.5328
0.3984 1.49942
0.400353 1.46652
0.402307 1.43457
0.404338 1.40357
0.406291 1.37258
0.408322 1.34349
0.410275 1.31488
0.412229 1.28675
0.414259 1.25957
0.416212 1.23239
0.418243 1.20664
0.420197 1.18185
0.42215 1.15705
0.424181 1.13321
0.426134 1.10605
0.428087 1.08307
0.430119 1.06213
0.432072 1.03944
0.434103 1.0185
0.436056 0.997809
0.438009 0.978021
0.440041 0.958613
0.441994 0.939206
0.444025 0.920704
0.445978 0.902632
0.447931 0.884655
0.449963 0.86768
0.451916 0.851229
0.453947 0.834492
0.4559 0.817898
0.457853 0.802544
0.459885 0.786856
0.461838 0.771931
0.463869 0.757721
0.465822 0.743416
0.467775 0.729683
0.469807 0.716427
0.47176 0.703218
0.473713 0.690058
0.475744 0.677421
0.477697 0.665548
0.479729 0.653341
0.481682 0.641372
0.483635 0.630453
0.485666 0.619247
0.487619 0.608184
0.489651 0.598075
0.491604 0.587299
0.493557 0.577333
0.495588 0.567224
0.497541 0.557878
0.499572 0.54815
0.501525 0.538852
0.503478 0.530746
0.505509 0.521447
0.507463 0.513341
0.509494 0.504949
0.511447 0.497128
0.5134 0.488832
0.515431 0.481631
0.517385 0.474193
0.519338 0.466849
0.521369 0.459411
0.523322 0.45264
0.525353 0.445773
0.527307 0.439574
0.52926 0.432946
0.531291 0.426556
0.533244 0.420786
0.535275 0.414921
0.537229 0.408961
0.539182 0.402905
0.541213 0.397183
0.543166 0.391985
0.545197 0.386931
0.547151 0.38202
0.549104 0.376584
0.551135 0.371768
0.553088 0.367142
0.555041 0.362565
0.557073 0.358321
0.559026 0.353981
0.561057 0.349642
0.56301 0.345637
0.564963 0.341202
0.566995 0.337769
0.568948 0.333477
0.570979 0.329901
0.572932 0.326325
0.574885 0.32313
0.576917 0.319649
0.57887 0.315453
0.580901 0.312592
0.582854 0.309587
0.584807 0.306774
0.586838 0.303865
0.588791 0.300861
0.590822 0.298286
0.592775 0.295378
0.594728 0.292469
0.59676 0.289751
0.598713 0.287748
0.600666 0.285603
0.602697 0.282646
0.60465 0.280596
0.606682 0.278307
0.608635 0.276638
0.610588 0.274158
0.612619 0.271822
0.614573 0.270058
0.616604 0.268723
0.618557 0.2661
0.62051 0.264479
0.622541 0.262905
0.624495 0.261761
0.626526 0.259853
0.628479 0.258804
0.630432 0.256897
0.632463 0.255514
0.634417 0.254608
0.636448 0.253225
0.638401 0.251938
0.640354 0.251175
0.642385 0.249983
0.644339 0.249029
0.646292 0.248362
0.648323 0.247026
0.650276 0.246645
0.652308 0.245954
0.654261 0.245167
0.656214 0.244976
0.658245 0.242306
0.660198 0.241781
0.66223 0.242067
0.664183 0.241972
0.666136 0.241877
0.668166 0.240732
0.67012 0.241161
0.672151 0.240732
0.674104 0.240494
0.676057 0.240589
0.678088 0.24078
0.680041 0.240446
0.681994 0.24078
0.684026 0.240541
0.685979 0.241018
0.68801 0.241018
0.689963 0.241829
0.691916 0.241781
0.693948 0.242783
0.695901 0.242878
0.697932 0.242783
0.699885 0.243593
0.697932 0.217415
0.695901 0.201012
0.693948 0.188137
0.691916 0.177265
