0.689963 0.167537
0.68801 0.159479
0.685979 0.15142
0.684026 0.145174
0.681994 0.138975
0.680041 0.132633
0.678088 0.127674
0.676057 0.122905
0.674104 0.117898
0.672151 0.112749
0.67012 0.109172
0.668166 0.104547
0.666136 0.101257
0.664183 0.0970607
0.66223 0.0939136
0.660198 0.0900989
0.658245 0.0870471
0.656214 0.0846152
0.654261 0.0808482
0.652308 0.0781302
0.650276 0.0753646
0.648323 0.0723128
0.646292 0.0702147
0.644339 0.0675445
0.642385 0.065351
0.640354 0.0628715
0.638401 0.0602961
0.636448 0.0584364
0.634417 0.0564814
0.632463 0.0542879
0.630432 0.0521898
0.628479 0.0502348
0.626526 0.0486612
0.624495 0.0466585
0.622541 0.0444651
0.62051 0.0430822
0.618557 0.0411272
0.616604 0.0400305
0.614573 0.0382662
0.612619 0.036788
0.610588 0.0351667
0.608635 0.0336885
0.606682 0.0324011
0.60465 0.0309706
0.602697 0.0293493
0.600666 0.028348
0.598713 0.0264883
0.59676 0.0255346
0.594728 0.0239134
0.592775 0.0228643
0.590822 0.0215292
0.588791 0.0204325
0.586838 0.0195742
0.584807 0.0178576
0.582854 0.0170469
0.580901 0.015521
0.57887 0.0149012
0.576917 0.014472
0.574885 0.0124216
0.572932 0.0111818
0.570979 0.010848
0.568948 0.00946522
0.566995 0.00884533
0.564963 0.00751019
0.56301 0.00693798
0.561057 0.00565052
0.559026 0.00526905
0.557073 0.00398159
0.555041 0.00293255
0.553088 0.00231266
0.551135 0.00154972
0.549104 0.000309944
0.547151 0.000119209
0.545197 -0.00112057
0.543166 -0.00231266
0.541213 -0.00259876
0.539182 -0.00350475
0.537229 -0.00398159
0.535275 -0.00464916
0.533244 -0.00560284
0.531291 -0.00655651
0.52926 -0.00741482
0.527307 -0.0077486
0.525353 -0.0089407
0.523322 -0.00960827
0.521369 -0.010705
0.519338 -0.010848
0.517385 -0.0123739
0.515431 -0.0128984
0.5134 -0.0133753
0.511447 -0.0140905
0.509494 -0.0146151
0.507463 -0.015521
0.505509 -0.0163317
0.503478 -0.0170946
0.501525 -0.0176668
0.499572 -0.018096
0.497541 -0.0184298
0.495588 -0.0195742
0.493557 -0.0200987
0.491604 -0.0210524
0.489651 -0.0217199
0.487619 -0.0220537
0.485666 -0.0231028
0.483635 -0.023675
0.481682 -0.0241518
0.479729 -0.0251055
0.477697 -0.0254393
0.475744 -0.0264883
0.473713 -0.0272512
0.47176 -0.0276804
0.469807 -0.0283003
0.467775 -0.029254
0.465822 -0.0298262
0.463869 -0.0305891
0.461838 -0.0317812
0.459885 -0.032115
0.457853 -0.0326872
0.4559 -0.0337362
0.453947 -0.0338793
0.451916 -0.0355482
0.449963 -0.0359774
0.447931 -0.0369787
0.445978 -0.0379801
0.444025 -0.0393152
0.441994 -0.0399828
0.440041 -0.0405073
0.438009 -0.0417471
0.436056 -0.0428438
0.434103 -0.0440836
0.432072 -0.0445127
0.430119 -0.0455618
0.428087 -0.04704
0.426134 -0.0487089
0.424181 -0.0497103
0.42215 -0.0506163
0.420197 -0.0520468
0.418243 -0.0539541
0.416212 -0.0549555
0.414259 -0.056386
0.412229 -0.0579119
0.410275 -0.060153
0.408322 -0.0621557
0.406291 -0.0636344
0.404338 -0.0661616
0.402307 -0.0684505
0.400353 -0.0705485
0.3984 -0.072885
0.396369 -0.0757461
0.394416 -0.0784163
0.392385 -0.081182
0.390431 -0.0838523
0.388478 -0.087667
0.386447 -0.0915771
0.384494 -0.0951056
0.382541 -0.0988727
0.380509 -0.103689
0.378556 -0.107885
0.376525 -0.111461
0.374572 -0.117565
0.372619 -0.122142
0.370587 -0.129104
0.368634 -0.135589
0.366603 -0.142265
0.36465 -0.149179
0.362697 -0.157428
0.360665 -0.165487
0.358712 -0.17469
0.356681 -0.183511
0.354728 -0.194622
0.352775 -0.205208
0.350743 -0.216747
0.34879 -0.229813
0.346759 -0.242973
0.344806 -0.257612
0.342853 -0.273396
0.340821 -0.289465
0.338868 -0.308491
0.336915 -0.324608
0.334884 -0.346638
0.332931 -0.368001
0.3309 -0.391127
0.328947 -0.418021
0.326994 -0.443484
0.324963 -0.471951
0.323009 -0.503852
0.320978 -0.537803
0.319025 -0.57266
0.317072 -0.609519
0.315041 -0.649383
0.313087 -0.69268
0.311056 -0.741127
0.309103 -0.78986
0.30715 -0.843218
0.305119 -0.900439
0.303165 -0.957421
0.301134 -1.02537
0.299181 -1.09208
0.297228 -1.15745
0.295197 -1.23356
0.293243 -1.31534
0.29129 -1.40479
0.289259 -1.50064
0.287306 -1.59863
0.285275 -1.70253
0.283321 -1.79976
0.281368 -1.93136
0.279337 -2.05105
0.277384 -2.18113
0.275352 -2.31093
0.273399 -2.45107
0.271446 -2.6111
0.269415 -2.77432
0.267462 -2.93177
0.26543 -3.1176
0.263477 -3.29045
0.261524 -3.49025
0.259493 -3.68575
0.25754 -3.88073
0.255587 -4.10294
0.253555 -4.3209
0.251602 -4.55789
0.249571 -4.80055
0.247618 -5.05356
0.245665 -5.30738
0.243634 -5.56431
0.241681 -5.833
0.23965 -6.11534
0.237697 -6.40895
0.235744 -6.68218
0.233712 -6.97735
0.231759 -7.28491
0.229728 -7.58341
0.227775 -7.89431
0.225821 -8.19233
0.22379 -8.50848
0.221837 -8.82033
0.219806 -9.10977
0.217853 -9.38396
0.215899 -9.69676
0.213868 -9.99574
0.211915 -10.3062
0.209962 -10.5656
0.207931 -10.8865
0.205977 -11.1478
0.203946 -11.4167
0.201993 -11.6733
0.20004 -11.916
0.198009 -12.1582
0.196055 -12.3847
0.194024 -12.5831
0.192071 -12.8134
0.190118 -12.9807
0.188087 -13.171
0.186133 -13.3155
0.184102 -13.4776
0.182149 -13.6092
0.180196 -13.7227
0.178164 -13.8009
0.176211 -13.8939
0.17418 -13.9802
0.172227 -14.0503
0.170274 -14.0927
0.168242 -14.1304
0.166289 -14.1624
0.164336 -14.1805
0.162305 -14.1829
0.160352 -14.1714
0.158321 -14.1562
0.156368 -14.1233
0.154415 -14.1018
0.152384 -14.0598
0.150431 -14.0141
0.148399 -13.9587
0.146446 -13.8867
0.144493 -13.8352
0.142462 -13.7623
0.140509 -13.6874
0.138477 -13.5906
0.136524 -13.4986
0.134571 -13.4371
0.13254 -13.3493
0.130587 -13.263
0.128633 -13.1705
0.126602 -13.0795
0.124649 -12.9917
0.122618 -12.9016
0.120665 -12.8048
0.118711 -12.7185
0.11668 -12.6212
0.114727 -12.5359
0.112696 -12.4434
0.110743 -12.3575
0.108789 -12.2664
0.106758 -12.1787
0.104805 -12.0895
0.102774 -12.0094
0.100821 -11.9246
0.0988674 -11.8378
0.0968361 -11.7553
0.094883 -11.678
0.0928516 -11.6013
0.0908985 -11.5259
0.0889454 -11.4487
0.0869141 -11.3743
0.0849609 -11.3037
0.0830078 -11.2322
0.0809765 -11.1649
0.0790234 -11.0963
0.076993 -11.0324
0.0750389 -10.9685
0.0730858 -10.9041
0.0710554 -10.8459
0.0691023 -10.7859
0.067071 -10.7282
0.0651178 -10.6709
0.0631647 -10.6151
0.0611334 -10.5637
0.0591803 -10.5069
0.0571489 -10.4583
0.0551958 -10.4106
0.0532427 -10.3634
0.0512114 -10.3186
0.0492582 -10.2728
0.0472269 -10.2289
0.0452738 -10.1893
0.0433207 -10.1469
0.0412893 -10.1087
0.0393362 -10.0687
0.0373831 -10.0344
0.0353518 -9.99764
0.0333986 -9.96331
0.0313673 -9.92898
0.0294142 -9.89799
0.0274611 -9.86651
0.0254297 -9.836
0.0234766 -9.80643
0.0214453 -9.77782
0.0194921 -9.74826
0.017539 -9.72299
0.0155077 -9.69724
0.0135546 -9.67244
0.0115232 -9.6486
0.00957012 -9.62523
0.007617 -9.60235
0.00558567 -9.57994
0.00363255 -9.558
0.00167942 -9.5375
-0.000351906 -9.51652
-0.00230503 -9.49792
-0.00433636 -9.47837
-0.00628948 -9.46073
-0.00824261 -9.44213
-0.010273 -9.42306
-0.0122261 -9.40684
-0.0142574 -9.39015
-0.0162106 -9.37251
-0.0181637 -9.35677
-0.020195 -9.33913
-0.0221481 -9.32435
-0.0241795 -9.30956
-0.0261326 -9.29383
-0.0280857 -9.27952
-0.030117 -9.26474
-0.0320702 -9.25139
-0.0341015 -9.23708
-0.0360546 -9.22421
-0.0380077 -9.20943
-0.0400391 -9.19608
-0.0419922 -9.18272
-0.0439453 -9.17128
-0.0459766 -9.15841
-0.0479298 -9.14601
-0.0499611 -9.13313
-0.0519142 -9.12264
-0.0538673 -9.10977
-0.0558987 -9.0988
-0.0578518 -9.08688
-0.0598831 -9.07544
-0.0618362 -9.06447
-0.0637894 -9.05446
-0.0658207 -9.04301
-0.0677738 -9.03157
-0.0698051 -9.02203
-0.0717583 -9.01106
-0.0737114 -9.00105
-0.0757427 -8.99199
-0.0776958 -8.98198
-0.0797272 -8.97292
-0.0816803 -8.96386
-0.0836334 -8.95432
-0.0856647 -8.94621
-0.0876179 -8.93811
-0.089571 -8.92905
-0.0916023 -8.92094
-0.0935555 -8.91379
-0.0955858 -8.90521
-0.0975389 -8.8971
-0.0994921 -8.88947
-0.0975389 -8.82796
-0.0955858 -8.78314
-0.0935555 -8.74785
-0.0916023 -8.7159
-0.089571 -8.68729
-0.0876179 -8.66202
-0.0856647 -8.63722
-0.0836334 -8.61338
-0.0816803 -8.5924
-0.0797272 -8.57142
-0.0776958 -8.55139
-0.0757427 -8.53232
-0.0737114 -8.51372
-0.0717583 -8.49703
-0.0698051 -8.48034
-0.0677738 -8.46365
-0.0658207 -8.44792
-0.0637894 -8.43218
-0.0618362 -8.41788
-0.0598831 -8.40262
-0.0578518 -8.38974
-0.0558987 -8.37687
-0.0538673 -8.36352
-0.0519142 -8.35064
-0.0499611 -8.33729
-0.0479298 -8.32585
-0.0459766 -8.3144
-0.0439453 -8.30201
-0.0419922 -8.29009
-0.0400391 -8.28007
-0.0380077 -8.26958
-0.0360546 -8.25909
-0.0341015 -8.24908
-0.0320702 -8.23859
-0.030117 -8.22857
-0.0280857 -8.22094
-0.0261326 -8.20998
-0.0241795 -8.20139
-0.0221481 -8.19233
-0.020195 -8.1828
-0.0181637 -8.1766
-0.0162106 -8.16706
-0.0142574 -8.15991
-0.0122261 -8.1518
-0.010273 -8.14227
-0.00824261 -8.13654
-0.00628948 -8.12748
-0.00433636 -8.12033
-0.00230503 -8.1127
-0.000351906 -8.10507
0.00167942 -8.09935
0.00363255 -8.09315
0.00558567 -8.08599
0.007617 -8.07932
0.00957012 -8.07264
0.0115232 -8.06597
0.0135546 -8.06025
0.0155077 -8.05405
0.017539 -8.04737
0.0194921 -8.0407
0.0214453 -8.0364
0.0234766 -8.02973
0.0254297 -8.02401
0.0274611 -8.01828
0.0294142 -8.01065
0.0313673 -8.00398
0.0333986 -7.99873
0.0353518 -7.99301
0.0373831 -7.98681
0.0393362 -7.97918
0.0412893 -7.97441
0.0433207 -7.96679
0.0452738 -7.96011
0.0472269 -7.95248
0.0492582 -7.9458
0.0512114 -7.9377
0.0532427 -7.92959
0.0551958 -7.92149
0.0571489 -7.91243
0.0591803 -7.90241
0.0611334 -7.89764
0.0631647 -7.88477
0.0651178 -7.87571
0.067071 -7.86427
0.0691023 -7.85139
0.0710554 -7.83899
0.0730858 -7.82469
0.0750389 -7.81086
0.076993 -7.79608
0.0790234 -7.77987
0.0809765 -7.76318
0.0830078 -7.74506
0.0849609 -7.72646
0.0869141 -7.70596
0.0889454 -7.68402
0.0908985 -7.66209
0.0928516 -7.63729
0.094883 -7.61059
0.0968361 -7.5815
0.0988674 -7.5548
0.100821 -7.52619
0.102774 -7.49186
0.104805 -7.45228
0.106758 -7.41795
0.108789 -7.37837
0.110743 -7.33593
0.112696 -7.28825
0.114727 -7.24009
0.11668 -7.18573
0.118711 -7.13804
0.120665 -7.07605
0.122618 -7.01836
0.124649 -6.95255
0.126602 -6.88007
0.128633 -6.8095
0.130587 -6.73416
0.13254 -6.65071
0.134571 -6.56393
0.136524 -6.45998
0.138477 -6.37748
0.140509 -6.28641
0.142462 -6.17673
0.144493 -6.05848
0.146446 -5.92973
0.148399 -5.81338
0.150431 -5.67796
0.152384 -5.53348
0.154415 -5.38613
0.156368 -5.22401
0.158321 -5.07047
0.160352 -4.90405
0.162305 -4.72762
0.164336 -4.54404
0.166289 -4.3471
0.168242 -4.1454
0.170274 -3.94083
0.172227 -3.73103
0.17418 -3.49976
0.176211 -3.26373
0.178164 -3.0234
0.180196 -2.80548
0.182149 -2.54942
0.184102 -2.28382
0.186133 -2.00439
0.188087 -1.74308
0.190118 -1.4565
0.192071 -1.18137
0.194024 -0.867133
0.196055 -0.594378
0.198009 -0.298738
0.20004 0.0026226
0.201993 0.298668
0.203946 0.592353
0.205977 0.897053
0.207931 1.1874
0.209962 1.5189
0.211915 1.77582
0.213868 2.08429
0.215899 2.36476
0.217853 2.65053
0.219806 2.88938
0.221837 3.14812
0.22379 3.41796
0.225821 3.67784
0.227775 3.91511
0.229728 4.1511
0.231759 4.37316
0.233712 4.58559
0.235744 4.7801
0.237697 4.94751
0.23965 5.1177
0.241681 5.2792
0.243634 5.41806
0.245665 5.53412
0.247618 5.64651
0.249571 5.74894
0.251602 5.8383
0.253555 5.90744
0.255587 5.95393
0.25754 6.02033
0.259493 6.03034
0.261524 6.04656
0.263477 6.06468
0.26543 6.04799
0.267462 6.04513
0.269415 6.00793
0.271446 5.97932
0.273399 5.94547
0.275352 5.88443
0.277384 5.81815
0.279337 5.75235
0.281368 5.67701
0.283321 5.6174
0.285275 5.51297
0.287306 5.42953
0.289259 5.33845
0.29129 5.2469
0.293243 5.15248
0.295197 5.0471
0.297228 4.94363
0.299181 4.83062
0.301134 4.72905
0.303165 4.62892
0.305119 4.52258
0.30715 4.41911
0.309103 4.31515
0.311056 4.2112
0.313087 4.11011
0.315041 4.00473
0.317072 3.90173
0.319025 3.80112
0.320978 3.70337
0.323009 3.6061
0.324963 3.51025
0.326994 3.41488
0.328947 3.32238
0.3309 3.23225
0.332931 3.14404
0.334884 3.05677
0.336915 2.97285
0.338868 2.88511
0.340821 2.80787
0.342853 2.72823
0.344806 2.65099
0.346759 2.5766
0.34879 2.50364
0.350743 2.43259
0.352775 2.36298
0.354728 2.29527
0.356681 2.23137
0.358712 2.16461
0.360665 2.10405
0.362697 2.04397
0.36465 1.98532
0.366603 1.92858
0.368634 1.87374
0.370587 1.81938
0.372619 1.76836
0.374572 1.71638
0.376525 1.6687
0.378556 1.61958
0.380509 1.57476
0.382541 1.52994
0.384494 1.48607
0.386447 1.44458
0.388478 1.40405
0.390431 1.36543
0.392385 1.32633
0.394416 1.28913
0.396369 1.25337
0.3984 1.21904
0.400353 1.18518
0.402307 1.1518
0.404338 1.12033
0.406291 1.08982
0.408322 1.05746
0.410275 1.0288
0.412229 1.00081
0.414259 0.973825
0.416212 0.947265
0.418243 0.922183
0.420197 0.898055
0.42215 0.873593
0.424181 0.851134
0.426134 0.828436
0.428087 0.807646
0.430119 0.787189
0.432072 0.766638
0.434103 0.747326
0.436056 0.728443
0.438009 0.709799
0.440041 0.692442
0.441994 0.674989
0.444025 0.658348
0.445978 0.643089
0.447931 0.627019
0.449963 0.612237
0.451916 0.597503
0.453947 0.583436
0.4559 0.570037
0.457853 0.556781
0.459885 0.543572
0.461838 0.53127
0.463869 0.519874
0.465822 0.508239
0.467775 0.497176
0.469807 0.486257
0.47176 0.476338
0.473713 0.46561
0.475744 0.455691
0.477697 0.446631
0.479729 0.437094
0.481682 0.428511
0.483635 0.419833
0.485666 0.411583
0.487619 0.40362
0.489651 0.3958
0.491604 0.387837
0.493557 0.381066
0.495588 0.373818
0.497541 0.366856
0.499572 0.360514
0.501525 0.353981
0.503478 0.34845
0.505509 0.342013
0.507463 0.336482
0.509494 0.330712
0.511447 0.325657
0.5134 0.320603
0.515431 0.315072
0.517385 0.310541
0.519338 0.306202
0.521369 0.301338
0.523322 0.297476
0.525353 0.293041
0.527307 0.289465
0.52926 0.284887
0.531291 0.281216
0.533244 0.277687
0.535275 0.27454
0.537229 0.270725
0.539182 0.266863
0.541213 0.264288
0.543166 0.260759
0.545197 0.258566
0.547151 0.255419
0.549104 0.252844
0.551135 0.249935
0.553088 0.247599
0.555041 0.245548
0.557073 0.243307
0.559026 0.240589
0.561057 0.238634
0.56301 0.236107
0.564963 0.234152
0.566995 0.233055
0.568948 0.230337
0.570979 0.228764
0.572932 0.227095
0.574885 0.225187
0.576917 0.224281
0.57887 0.221992
0.580901 0.2208
0.582854 0.219894
0.584807 0.218416
0.586838 0.217081
0.588791 0.215698
0.590822 0.214792
0.592775 0.213934
0.594728 0.212551
0.59676 0.211884
0.598713 0.211073
0.600666 0.210167
0.602697 0.20907
0.60465 0.208498
0.606682 0.207783
0.608635 0.207211
0.610588 0.206018
0.612619 0.20578
0.614573 0.205112
0.616604 0.204969
0.618557 0.204433
0.62051 0.203968
0.622541 0.203682
0.624495 0.203444
0.626526 0.203157
0.628479 0.202871
0.630432 0.202442
0.632463 0.202251
0.634417 0.202299
0.636448 0.201965
0.638401 0.202108
0.640354 0.202251
0.642385 0.202061
0.644339 0.202156
0.646292 0.202394
0.648323 0.202824
0.650276 0.202633
0.652308 0.202967
0.654261 0.203444
0.656214 0.20373
0.658245 0.203968
0.660198 0.20435
0.66223 0.204636
0.664183 0.205446
0.666136 0.206066
0.668166 0.2064
0.67012 0.207067
0.672151 0.208212
0.674104 0.208784
0.676057 0.209452
0.678088 0.210072
0.680041 0.210691
0.681994 0.212503
0.684026 0.212742
0.685979 0.2136
0.68801 0.214745
0.689963 0.216175
0.691916 0.216938
0.693948 0.218178
0.695901 0.219418
0.697932 0.220133
0.699885 0.221659
0.697932 0.196053
0.695901 0.180316
0.693948 0.168396
0.691916 0.158287
