0.689963 0.177551
0.68801 0.168491
0.685979 0.161243
0.684026 0.154043
0.681994 0.147892
0.680041 0.14155
0.678088 0.136018
0.676057 0.131011
0.674104 0.126052
0.672151 0.121379
0.67012 0.116802
0.668166 0.112319
0.666136 0.109077
0.664183 0.104976
0.66223 0.100923
0.660198 0.0977759
0.658245 0.0946288
0.656214 0.0915771
0.654261 0.0889544
0.652308 0.0856643
0.650276 0.0828032
0.648323 0.0796084
0.646292 0.0772719
0.644339 0.0748878
0.642385 0.071979
0.640354 0.0706439
0.638401 0.067306
0.636448 0.0649695
0.634417 0.063539
0.632463 0.0612497
0.630432 0.0589132
0.628479 0.0572443
0.626526 0.0548124
0.624495 0.0530481
0.622541 0.0513792
0.62051 0.049758
0.618557 0.0482321
0.616604 0.0468493
0.614573 0.0447035
0.612619 0.0429392
0.610588 0.0415564
0.608635 0.0403643
0.606682 0.0383139
0.60465 0.0367403
0.602697 0.0351667
0.600666 0.03407
0.598713 0.032258
0.59676 0.0315428
0.594728 0.0298738
0.592775 0.0287294
0.590822 0.0276327
0.588791 0.0262022
0.586838 0.0247717
0.584807 0.0235796
0.582854 0.0225306
0.580901 0.0212908
0.57887 0.0203371
0.576917 0.0196695
0.574885 0.0181913
0.572932 0.0172853
0.570979 0.0163317
0.568948 0.0152349
0.566995 0.0139952
0.564963 0.0123262
0.56301 0.0118017
0.561057 0.0109911
0.559026 0.0101328
0.557073 0.0089407
0.555041 0.00803471
0.553088 0.00712872
0.551135 0.00650883
0.549104 0.00531673
0.547151 0.00479221
0.545197 0.0036478
0.543166 0.00283718
0.541213 0.00221729
0.539182 0.00126362
0.537229 0.000929832
0.535275 0.000452995
0.533244 -0.000834465
0.531291 -0.00164509
0.52926 -0.00264645
0.527307 -0.00298023
0.525353 -0.00417233
0.523322 -0.00493526
0.521369 -0.00584126
0.519338 -0.00622272
0.517385 -0.00693798
0.515431 -0.00803471
0.5134 -0.00870228
0.511447 -0.00936985
0.509494 -0.0100851
0.507463 -0.010705
0.505509 -0.0114202
0.503478 -0.0118017
0.501525 -0.0129461
0.499572 -0.0132799
0.497541 -0.0142336
0.495588 -0.0149965
0.493557 -0.0149012
0.491604 -0.0163794
0.489651 -0.0167131
0.487619 -0.0180006
0.485666 -0.0184774
0.483635 -0.0189066
0.481682 -0.0196218
0.479729 -0.0202417
0.477697 -0.0211
0.475744 -0.0216246
0.473713 -0.0221491
0.47176 -0.0231028
0.469807 -0.023675
0.467775 -0.024581
0.465822 -0.0252008
0.463869 -0.0262499
0.461838 -0.0268221
0.459885 -0.027442
0.457853 -0.027585
0.4559 -0.0289679
0.453947 -0.0295401
0.451916 -0.0302076
0.449963 -0.0313044
0.447931 -0.0324488
0.445978 -0.0330687
0.444025 -0.033927
0.441994 -0.0350237
0.440041 -0.0357866
0.438009 -0.0366449
0.436056 -0.0378847
0.434103 -0.0394583
0.432072 -0.0399828
0.430119 -0.0405073
0.428087 -0.0422716
0.426134 -0.0436544
0.424181 -0.0447512
0.42215 -0.0458002
0.420197 -0.0468016
0.418243 -0.0490427
0.416212 -0.0501394
0.414259 -0.0514269
0.412229 -0.0533342
0.410275 -0.0549078
0.408322 -0.0571489
0.406291 -0.0589609
0.404338 -0.061202
0.402307 -0.0633006
0.400353 -0.0651126
0.3984 -0.0677352
0.396369 -0.0705009
0.394416 -0.0730758
0.392385 -0.0762706
0.390431 -0.0789886
0.388478 -0.0825171
0.386447 -0.0858073
0.384494 -0.0901465
0.382541 -0.0936275
0.380509 -0.098062
0.378556 -0.102497
0.376525 -0.106168
0.374572 -0.11189
0.372619 -0.11704
0.370587 -0.123668
0.368634 -0.129819
0.366603 -0.13659
0.36465 -0.143934
0.362697 -0.151659
0.360665 -0.15986
0.358712 -0.169254
0.356681 -0.177455
0.354728 -0.189234
0.352775 -0.199533
0.350743 -0.21155
0.34879 -0.2239
0.346759 -0.236917
0.344806 -0.252272
0.342853 -0.268007
0.340821 -0.283695
0.338868 -0.302816
0.336915 -0.318886
0.334884 -0.339962
0.332931 -0.361992
0.3309 -0.385405
0.328947 -0.411536
0.326994 -0.437858
0.324963 -0.46561
0.323009 -0.49627
0.320978 -0.530984
0.319025 -0.566223
0.317072 -0.602558
0.315041 -0.642803
0.313087 -0.685527
0.311056 -0.73407
0.309103 -0.782469
0.30715 -0.835541
0.305119 -0.891522
0.303165 -0.949363
0.301134 -1.01798
0.299181 -1.08421
0.297228 -1.1484
0.295197 -1.22517
0.293243 -1.30499
0.29129 -1.39468
0.289259 -1.49139
0.287306 -1.58651
0.285275 -1.69066
0.283321 -1.78908
0.281368 -1.91916
0.279337 -2.0376
0.277384 -2.16654
0.275352 -2.29619
0.273399 -2.43667
0.271446 -2.59555
0.269415 -2.75816
0.267462 -2.91623
0.26543 -3.09995
0.263477 -3.27133
0.261524 -3.46927
0.259493 -3.66391
0.25754 -3.85756
0.255587 -4.07652
0.253555 -4.29305
0.251602 -4.5278
0.249571 -4.77089
0.247618 -5.02181
0.245665 -5.27262
0.243634 -5.52883
0.241681 -5.79757
0.23965 -6.07796
0.237697 -6.36604
0.235744 -6.63927
0.233712 -6.93586
0.231759 -7.23866
0.229728 -7.53763
0.227775 -7.84901
0.225821 -8.14417
0.22379 -8.4565
0.221837 -8.76835
0.219806 -9.05493
0.217853 -9.32721
0.215899 -9.63668
0.213868 -9.93756
0.211915 -10.2423
0.209962 -10.5002
0.207931 -10.8221
0.205977 -11.082
0.203946 -11.35
0.201993 -11.606
0.20004 -11.8483
0.198009 -12.0886
0.196055 -12.3122
0.194024 -12.5115
0.192071 -12.7409
0.190118 -12.9126
0.188087 -13.0942
0.186133 -13.2435
0.184102 -13.4028
0.182149 -13.5348
0.180196 -13.6507
0.178164 -13.7237
0.176211 -13.8195
0.17418 -13.9068
0.172227 -13.9754
0.170274 -14.0212
0.168242 -14.0536
0.166289 -14.0832
0.164336 -14.107
0.162305 -14.1042
0.160352 -14.0956
0.158321 -14.0818
0.156368 -14.0465
0.154415 -14.0255
0.152384 -13.9831
0.150431 -13.9378
0.148399 -13.882
0.146446 -13.81
0.144493 -13.7566
0.142462 -13.6855
0.140509 -13.6064
0.138477 -13.5115
0.136524 -13.4175
0.134571 -13.3551
0.13254 -13.2664
0.130587 -13.1801
0.128633 -13.0861
0.126602 -12.9931
0.124649 -12.9059
0.122618 -12.8148
0.120665 -12.7161
0.118711 -12.6284
0.11668 -12.5301
0.114727 -12.4438
0.112696 -12.3523
0.110743 -12.2631
0.108789 -12.172
0.106758 -12.0824
0.104805 -11.9937
0.102774 -11.9107
0.100821 -11.8244
0.0988674 -11.7352
0.0968361 -11.6547
0.094883 -11.5745
0.0928516 -11.4963
0.0908985 -11.4205
0.0889454 -11.3423
0.0869141 -11.2679
0.0849609 -11.1955
0.0830078 -11.1225
0.0809765 -11.0534
0.0790234 -10.9847
0.076993 -10.9189
0.0750389 -10.8536
0.0730858 -10.7897
0.0710554 -10.7272
0.0691023 -10.6662
0.067071 -10.6066
0.0651178 -10.5489
0.0631647 -10.4897
0.0611334 -10.4382
0.0591803 -10.3782
0.0571489 -10.3271
0.0551958 -10.2771
0.0532427 -10.226
0.0512114 -10.1788
0.0492582 -10.1316
0.0472269 -10.084
0.0452738 -10.0406
0.0433207 -9.99478
0.0412893 -9.95234
0.0393362 -9.90943
0.0373831 -9.87128
0.0353518 -9.83171
0.0333986 -9.79356
0.0313673 -9.75446
0.0294142 -9.71917
0.0274611 -9.68389
0.0254297 -9.65051
0.0234766 -9.61522
0.0214453 -9.58375
0.0194921 -9.55037
0.017539 -9.52081
0.0155077 -9.49077
0.0135546 -9.46311
0.0115232 -9.43498
0.00957012 -9.4078
0.007617 -9.38205
0.00558567 -9.35677
0.00363255 -9.33245
0.00167942 -9.30909
-0.000351906 -9.28429
-0.00230503 -9.26283
-0.00433636 -9.24233
-0.00628948 -9.2204
-0.00824261 -9.20084
-0.010273 -9.18082
-0.0122261 -9.16317
-0.0142574 -9.14553
-0.0162106 -9.12789
-0.0181637 -9.11072
-0.020195 -9.0926
-0.0221481 -9.07973
-0.0241795 -9.06495
-0.0261326 -9.04969
-0.0280857 -9.03729
-0.030117 -9.02155
-0.0320702 -9.01059
-0.0341015 -8.99819
-0.0360546 -8.98627
-0.0380077 -8.9753
-0.0400391 -8.96338
-0.0419922 -8.95289
-0.0439453 -8.94383
-0.0459766 -8.93382
-0.0479298 -8.92571
-0.0499611 -8.9157
-0.0519142 -8.90854
-0.0538673 -8.90091
-0.0558987 -8.89185
-0.0578518 -8.88375
-0.0598831 -8.8766
-0.0618362 -8.86897
-0.0637894 -8.86372
-0.0658207 -8.85848
-0.0677738 -8.85037
-0.0698051 -8.8456
-0.0717583 -8.84083
-0.0737114 -8.83416
-0.0757427 -8.82987
-0.0776958 -8.8251
-0.0797272 -8.82081
-0.0816803 -8.81651
-0.0836334 -8.81175
-0.0856647 -8.80936
-0.0876179 -8.80507
-0.089571 -8.80078
-0.0916023 -8.79696
-0.0935555 -8.7941
-0.0955858 -8.79124
-0.0975389 -8.7879
-0.0994921 -8.78361
-0.0975389 -8.72878
-0.0955858 -8.69015
-0.0935555 -8.66059
-0.0916023 -8.63389
-0.089571 -8.60909
-0.0876179 -8.58954
-0.0856647 -8.56904
-0.0836334 -8.54901
-0.0816803 -8.53232
-0.0797272 -8.51611
-0.0776958 -8.49989
-0.0757427 -8.48607
-0.0737114 -8.47128
-0.0717583 -8.45841
-0.0698051 -8.44458
-0.0677738 -8.43218
-0.0658207 -8.42074
-0.0637894 -8.40834
-0.0618362 -8.3969
-0.0598831 -8.38545
-0.0578518 -8.37592
-0.0558987 -8.3659
-0.0538673 -8.35589
-0.0519142 -8.34683
-0.0499611 -8.33682
-0.0479298 -8.32728
-0.0459766 -8.3187
-0.0439453 -8.31011
-0.0419922 -8.3001
-0.0400391 -8.29342
-0.0380077 -8.28579
-0.0360546 -8.27769
-0.0341015 -8.27006
-0.0320702 -8.26243
-0.030117 -8.25528
-0.0280857 -8.24908
-0.0261326 -8.24193
-0.0241795 -8.23573
-0.0221481 -8.22905
-0.020195 -8.22237
-0.0181637 -8.21808
-0.0162106 -8.21236
-0.0142574 -8.20616
-0.0122261 -8.20044
-0.010273 -8.19376
-0.00824261 -8.189
-0.00628948 -8.1828
-0.00433636 -8.17803
-0.00230503 -8.17278
-0.000351906 -8.16611
0.00167942 -8.16372
0.00363255 -8.15753
0.00558567 -8.15276
0.007617 -8.14799
0.00957012 -8.14179
0.0115232 -8.13797
0.0135546 -8.13273
0.0155077 -8.12844
0.017539 -8.12366
0.0194921 -8.11794
0.0214453 -8.11413
0.0234766 -8.10841
0.0254297 -8.10364
0.0274611 -8.09839
0.0294142 -8.09267
0.0313673 -8.08647
0.0333986 -8.08218
0.0353518 -8.0755
0.0373831 -8.06931
0.0393362 -8.06215
0.0412893 -8.05691
0.0433207 -8.04928
0.0452738 -8.04356
0.0472269 -8.03497
0.0492582 -8.02782
0.0512114 -8.01924
0.0532427 -8.01113
0.0551958 -8.00112
0.0571489 -7.99206
0.0591803 -7.983
0.0611334 -7.97537
0.0631647 -7.96249
0.0651178 -7.95153
0.067071 -7.93913
0.0691023 -7.92625
0.0710554 -7.91243
0.0730858 -7.89621
0.0750389 -7.88382
0.076993 -7.86665
0.0790234 -7.84805
0.0809765 -7.83089
0.0830078 -7.81038
0.0849609 -7.79036
0.0869141 -7.76842
0.0889454 -7.74601
0.0908985 -7.72217
0.0928516 -7.69451
0.094883 -7.6659
0.0968361 -7.63634
0.0988674 -7.60773
0.100821 -7.57816
0.102774 -7.54145
0.104805 -7.50044
0.106758 -7.46372
0.108789 -7.42176
0.110743 -7.37789
0.112696 -7.3283
0.114727 -7.27871
0.11668 -7.22244
0.118711 -7.17094
0.120665 -7.108
0.122618 -7.04649
0.124649 -6.97783
0.126602 -6.90392
0.128633 -6.83048
0.130587 -6.75371
0.13254 -6.66788
0.134571 -6.57775
0.136524 -6.47047
0.138477 -6.38702
0.140509 -6.29165
0.142462 -6.17959
0.144493 -6.05943
0.146446 -5.92735
0.148399 -5.80719
0.150431 -5.67033
0.152384 -5.52346
0.154415 -5.37183
0.156368 -5.20637
0.158321 -5.05282
0.160352 -4.88259
0.162305 -4.70283
0.164336 -4.51734
0.166289 -4.31563
0.168242 -4.11154
0.170274 -3.90412
0.172227 -3.69002
0.17418 -3.45971
0.176211 -3.21795
0.178164 -2.97762
0.180196 -2.75398
0.182149 -2.49601
0.184102 -2.22851
0.186133 -1.94193
0.188087 -1.68109
0.190118 -1.39022
0.192071 -1.11604
0.194024 -0.799899
0.196055 -0.519991
0.198009 -0.222921
0.20004 0.0817776
0.201993 0.379254
0.203946 0.673702
0.205977 0.986222
0.207931 1.27442
0.209962 1.61088
0.211915 1.87391
0.213868 2.18557
0.215899 2.47053
0.217853 2.75806
0.219806 3.00049
0.221837 3.2616
0.22379 3.53693
0.225821 3.80129
0.227775 4.03661
0.229728 4.28075
0.231759 4.50477
0.233712 4.72931
0.235744 4.92334
0.237697 5.09414
0.23965 5.27114
0.241681 5.43332
0.243634 5.57866
0.245665 5.70302
0.247618 5.81422
0.249571 5.92332
0.251602 6.01978
0.253555 6.11141
0.255587 6.15766
0.25754 6.20821
0.259493 6.2268
0.261524 6.24778
0.263477 6.26876
0.26543 6.2578
0.267462 6.26018
0.269415 6.22823
0.271446 6.20248
0.273399 6.16815
0.275352 6.11427
0.277384 6.0518
0.279337 5.98743
0.281368 5.91733
0.283321 5.86011
0.285275 5.75998
0.287306 5.67892
0.289259 5.58784
0.29129 5.50153
0.293243 5.40807
0.295197 5.30698
0.297228 5.20303
0.299181 5.09383
0.301134 4.9956
0.303165 4.89594
0.305119 4.79199
0.30715 4.69043
0.309103 4.58695
0.311056 4.48396
0.313087 4.38573
0.315041 4.28273
0.317072 4.18164
0.319025 4.08007
0.320978 3.9828
0.323009 3.88791
0.324963 3.79302
0.326994 3.69956
0.328947 3.60705
0.3309 3.51836
0.332931 3.42967
0.334884 3.3424
0.336915 3.25896
0.338868 3.1717
0.340821 3.09444
0.342853 3.01434
0.344806 2.93756
0.346759 2.86413
0.34879 2.79118
0.350743 2.71917
0.352775 2.65003
0.354728 2.58137
0.356681 2.51747
0.358712 2.45119
0.360665 2.3892
0.362697 2.32912
0.36465 2.26999
0.366603 2.21277
0.368634 2.15746
0.370587 2.10262
0.372619 2.0516
0.374572 1.99915
0.376525 1.95004
0.378556 1.90044
0.380509 1.85371
0.382541 1.80841
0.384494 1.76359
0.386447 1.72115
0.388478 1.67966
0.390431 1.63913
0.392385 1.59956
0.394416 1.56093
0.396369 1.52469
0.3984 1.48798
0.400353 1.45317
0.402307 1.41836
0.404338 1.38641
0.406291 1.35446
0.408322 1.32347
0.410275 1.29343
0.412229 1.26386
0.414259 1.23525
0.416212 1.20712
0.418243 1.18042
0.420197 1.15514
0.42215 1.12939
0.424181 1.10085
0.426134 1.07706
0.428087 1.0536
0.430119 1.03162
0.432072 1.00887
0.434103 0.987891
0.436056 0.966672
0.438009 0.946883
0.440041 0.927142
0.441994 0.907925
0.444025 0.88909
0.445978 0.871447
0.447931 0.853709
0.449963 0.836876
0.451916 0.819758
0.453947 0.803974
0.4559 0.787571
0.457853 0.772264
0.459885 0.757149
0.461838 0.742844
0.463869 0.728872
0.465822 0.714853
0.467775 0.701502
0.469807 0.687817
0.47176 0.675132
0.473713 0.66283
0.475744 0.650575
0.477697 0.639083
0.479729 0.627353
0.481682 0.6161
0.483635 0.605371
0.485666 0.594976
0.487619 0.583961
0.489651 0.574424
0.491604 0.56422
0.493557 0.554444
0.495588 0.545337
0.497541 0.535705
0.499572 0.526502
0.501525 0.517823
0.503478 0.509622
0.505509 0.500943
0.507463 0.493171
0.509494 0.485398
0.511447 0.47753
0.5134 0.46952
0.515431 0.46251
0.517385 0.45531
0.519338 0.448491
0.521369 0.440862
0.523322 0.435187
0.525353 0.428034
0.527307 0.422408
0.52926 0.416018
0.531291 0.409962
0.533244 0.404049
0.535275 0.398232
0.537229 0.392653
0.539182 0.386693
0.541213 0.38159
0.543166 0.377156
0.545197 0.371529
0.547151 0.366856
0.549104 0.362088
0.551135 0.357081
0.553088 0.352742
0.555041 0.347926
0.557073 0.344016
0.559026 0.339772
0.561057 0.335623
0.56301 0.33157
0.564963 0.327994
0.566995 0.324179
0.568948 0.32046
0.570979 0.316693
0.572932 0.313403
0.574885 0.309778
0.576917 0.307203
0.57887 0.302912
0.580901 0.299669
0.582854 0.297523
0.584807 0.294567
0.586838 0.291754
0.588791 0.288654
0.590822 0.285936
0.592775 0.283981
0.594728 0.281025
0.59676 0.278927
0.598713 0.276638
0.600666 0.27454
0.602697 0.271727
0.60465 0.269485
0.606682 0.267626
0.608635 0.266005
0.610588 0.263763
0.612619 0.262142
0.614573 0.260473
0.616604 0.258995
0.618557 0.256277
0.62051 0.255037
0.622541 0.25375
0.624495 0.252605
0.626526 0.251223
0.628479 0.249411
0.630432 0.248886
0.632463 0.247408
0.634417 0.246311
0.636448 0.24531
0.638401 0.243975
0.640354 0.243355
0.642385 0.242449
0.644339 0.241543
0.646292 0.240828
0.648323 0.24016
0.650276 0.239588
0.652308 0.238777
0.654261 0.238682
0.656214 0.238539
0.658245 0.237728
0.660198 0.237156
0.66223 0.236917
0.664183 0.23687
0.666136 0.236596
0.668166 0.236298
0.67012 0.236298
0.672151 0.236393
0.674104 0.236548
0.676057 0.236679
0.678088 0.236822
0.680041 0.237156
0.681994 0.238396
0.684026 0.238014
0.685979 0.238443
0.68801 0.238682
0.689963 0.239254
0.691916 0.239874
0.693948 0.240828
0.695901 0.241304
0.697932 0.241495
0.699885 0.242687
0.697932 0.216557
0.695901 0.200201
0.693948 0.187613
0.691916 0.176836
