0.689963 0.398159
0.68801 0.369549
0.685979 0.345707
0.684026 0.326633
0.681994 0.30756
0.680041 0.255823
0.678088 0.242472
0.676057 0.230074
0.674104 0.21863
0.672151 0.208139
0.67012 0.194956
0.668166 0.186229
0.666136 0.177789
0.664183 0.170112
0.66223 0.162435
0.660198 0.156141
0.658245 0.14956
0.656214 0.144077
0.654261 0.138259
0.652308 0.132728
0.650276 0.127674
0.648323 0.122476
0.646292 0.118518
0.644339 0.113845
0.642385 0.109935
0.640354 0.10593
0.638401 0.102067
0.636448 0.0984912
0.634417 0.0950103
0.632463 0.0912433
0.630432 0.0886683
0.628479 0.0856166
0.626526 0.0823264
0.624495 0.0799899
0.622541 0.0767951
0.62051 0.074554
0.618557 0.0721221
0.616604 0.0703578
0.614573 0.0677829
0.612619 0.0650649
0.610588 0.0628238
0.608635 0.0611067
0.606682 0.0590563
0.60465 0.0567198
0.602697 0.0547647
0.600666 0.0532389
0.598713 0.0515699
0.59676 0.0493765
0.594728 0.0478029
0.592775 0.0465155
0.590822 0.0445127
0.588791 0.0431776
0.586838 0.041604
0.584807 0.0400782
0.582854 0.038743
0.580901 0.0369787
0.57887 0.0358343
0.576917 0.0353575
0.574885 0.0333548
0.572932 0.0321627
0.570979 0.0310659
0.568948 0.0294924
0.566995 0.0288725
0.564963 0.0271082
0.56301 0.0260115
0.561057 0.0252962
0.559026 0.0239134
0.557073 0.0231981
0.555041 0.0217199
0.553088 0.0208616
0.551135 0.0198603
0.549104 0.0188589
0.547151 0.0179529
0.545197 0.0168562
0.543166 0.0160933
0.541213 0.0151873
0.539182 0.0141382
0.537229 0.0136614
0.535275 0.0128508
0.533244 0.0115633
0.531291 0.0112295
0.52926 0.0104666
0.527307 0.00913143
0.525353 0.00860691
0.523322 0.00851154
0.521369 0.00698566
0.519338 0.00684261
0.517385 0.00560284
0.515431 0.00474453
0.5134 0.00450611
0.511447 0.00383854
0.509494 0.00317097
0.507463 0.00197887
0.505509 0.00178814
0.503478 0.000882149
0.501525 0.000119209
0.499572 -0.000166893
0.497541 -0.000596046
0.495588 -0.00188351
0.493557 -0.00236034
0.491604 -0.00321865
0.489651 -0.00355244
0.487619 -0.00412464
0.485666 -0.0048399
0.483635 -0.00531673
0.481682 -0.00646114
0.479729 -0.0068903
0.477697 -0.00736713
0.475744 -0.00836849
0.473713 -0.0089407
0.47176 -0.0095129
0.469807 -0.0100851
0.467775 -0.0111818
0.465822 -0.0115633
0.463869 -0.0120878
0.461838 -0.0129938
0.459885 -0.0141382
0.457853 -0.0141859
0.4559 -0.0149488
0.453947 -0.0157118
0.451916 -0.0166655
0.449963 -0.0174761
0.447931 -0.0185728
0.445978 -0.0189543
0.444025 -0.0202417
0.441994 -0.0206709
0.440041 -0.0213385
0.438009 -0.022769
0.436056 -0.0237226
0.434103 -0.0245333
0.432072 -0.0258684
0.430119 -0.0261545
0.428087 -0.0282049
0.426134 -0.0292063
0.424181 -0.0303984
0.42215 -0.0315428
0.420197 -0.0327349
0.418243 -0.0345469
0.416212 -0.0357866
0.414259 -0.0370264
0.412229 -0.0388384
0.410275 -0.0404596
0.408322 -0.0424623
0.406291 -0.0443697
0.404338 -0.0461817
0.402307 -0.0481844
0.400353 -0.050807
0.3984 -0.0528097
0.396369 -0.05548
0.394416 -0.0583887
0.392385 -0.0608683
0.390431 -0.0641112
0.388478 -0.067163
0.386447 -0.0714545
0.384494 -0.0744586
0.382541 -0.0787501
0.380509 -0.0828509
0.378556 -0.0874763
0.376525 -0.0913863
0.374572 -0.0964408
0.372619 -0.101638
0.370587 -0.108171
0.368634 -0.114465
0.366603 -0.121332
0.36465 -0.128532
0.362697 -0.136114
0.360665 -0.144649
0.358712 -0.154424
0.356681 -0.162387
0.354728 -0.173736
0.352775 -0.183845
0.350743 -0.196005
0.34879 -0.20826
0.346759 -0.221897
0.344806 -0.236774
0.342853 -0.252462
0.340821 -0.268246
0.338868 -0.287796
0.336915 -0.304008
0.334884 -0.325324
0.332931 -0.3464
0.3309 -0.37048
0.328947 -0.397088
0.326994 -0.423266
0.324963 -0.45202
0.323009 -0.482823
0.320978 -0.517156
0.319025 -0.552728
0.317072 -0.589302
0.315041 -0.629261
0.313087 -0.672319
0.311056 -0.72191
0.309103 -0.771311
0.30715 -0.823906
0.305119 -0.881461
0.303165 -0.940017
0.301134 -1.00706
0.299181 -1.07501
0.297228 -1.13981
0.295197 -1.21668
0.293243 -1.29784
0.29129 -1.3881
0.289259 -1.48523
0.287306 -1.58175
0.285275 -1.68927
0.283321 -1.7876
0.281368 -1.92016
0.279337 -2.03989
0.277384 -2.16997
0.275352 -2.30239
0.273399 -2.44311
0.271446 -2.60476
0.269415 -2.76784
0.267462 -2.92901
0.26543 -3.11359
0.263477 -3.28974
0.261524 -3.48925
0.259493 -3.68527
0.25754 -3.88483
0.255587 -4.10628
0.253555 -4.32677
0.251602 -4.56256
0.249571 -4.81276
0.247618 -5.06467
0.245665 -5.32035
0.243634 -5.57699
0.241681 -5.85184
0.23965 -6.1347
0.237697 -6.42946
0.235744 -6.70745
0.233712 -7.00119
0.231759 -7.3097
0.229728 -7.60868
0.227775 -7.9253
0.225821 -8.22237
0.22379 -8.53995
0.221837 -8.85228
0.219806 -9.14744
0.217853 -9.41972
0.215899 -9.73157
0.213868 -10.0301
0.211915 -10.3381
0.209962 -10.5989
0.207931 -10.9189
0.205977 -11.1778
0.203946 -11.453
0.201993 -11.7014
0.20004 -11.9451
0.198009 -12.1844
0.196055 -12.4057
0.194024 -12.5998
0.192071 -12.8258
0.190118 -12.9936
0.188087 -13.1743
0.186133 -13.3203
0.184102 -13.4781
0.182149 -13.6021
0.180196 -13.7113
0.178164 -13.7814
0.176211 -13.8734
0.17418 -13.9554
0.172227 -14.0164
0.170274 -14.0565
0.168242 -14.0846
0.166289 -14.1066
0.164336 -14.1271
0.162305 -14.1175
0.160352 -14.1047
0.158321 -14.0832
0.156368 -14.0451
0.154415 -14.0179
0.152384 -13.9707
0.150431 -13.9225
0.148399 -13.8605
0.146446 -13.7871
0.144493 -13.728
0.142462 -13.6531
0.140509 -13.572
0.138477 -13.4724
0.136524 -13.3794
0.134571 -13.3093
0.13254 -13.2225
0.130587 -13.1305
0.128633 -13.0346
0.126602 -12.9416
0.124649 -12.8506
0.122618 -12.759
0.120665 -12.6598
0.118711 -12.5702
0.11668 -12.4715
0.114727 -12.3828
0.112696 -12.2893
0.110743 -12.2002
0.108789 -12.1091
0.106758 -12.0209
0.104805 -11.9293
0.102774 -11.8468
0.100821 -11.7596
0.0988674 -11.6704
0.0968361 -11.5889
0.094883 -11.5087
0.0928516 -11.4296
0.0908985 -11.3533
0.0889454 -11.2756
0.0869141 -11.2002
0.0849609 -11.1278
0.0830078 -11.0548
0.0809765 -10.9842
0.0790234 -10.9146
0.076993 -10.8478
0.0750389 -10.784
0.0730858 -10.7167
0.0710554 -10.6557
0.0691023 -10.5937
0.067071 -10.5336
0.0651178 -10.475
0.0631647 -10.4163
0.0611334 -10.3615
0.0591803 -10.3023
0.0571489 -10.2508
0.0551958 -10.1974
0.0532427 -10.1464
0.0512114 -10.0973
0.0492582 -10.0482
0.0472269 -9.99907
0.0452738 -9.95425
0.0433207 -9.90705
0.0412893 -9.86318
0.0393362 -9.81931
0.0373831 -9.7783
0.0353518 -9.73586
0.0333986 -9.69438
0.0313673 -9.65432
0.0294142 -9.61713
0.0274611 -9.5785
0.0254297 -9.54226
0.0234766 -9.50412
0.0214453 -9.46931
0.0194921 -9.43307
0.017539 -9.39969
0.0155077 -9.36678
0.0135546 -9.33484
0.0115232 -9.30336
0.00957012 -9.27046
0.007617 -9.24138
0.00558567 -9.21134
0.00363255 -9.18225
0.00167942 -9.15316
-0.000351906 -9.12503
-0.00230503 -9.09976
-0.00433636 -9.07305
-0.00628948 -9.0473
-0.00824261 -9.02203
-0.010273 -8.9958
-0.0122261 -8.97292
-0.0142574 -8.9486
-0.0162106 -8.92571
-0.0181637 -8.90378
-0.020195 -8.8785
-0.0221481 -8.858
-0.0241795 -8.83749
-0.0261326 -8.81604
-0.0280857 -8.79696
-0.030117 -8.77598
-0.0320702 -8.75786
-0.0341015 -8.73831
-0.0360546 -8.72162
-0.0380077 -8.70255
-0.0400391 -8.68634
-0.0419922 -8.66917
-0.0439453 -8.65344
-0.0459766 -8.63675
-0.0479298 -8.62101
-0.0499611 -8.60575
-0.0519142 -8.59097
-0.0538673 -8.57619
-0.0558987 -8.56331
-0.0578518 -8.54853
-0.0598831 -8.53518
-0.0618362 -8.52278
-0.0637894 -8.51038
-0.0658207 -8.49799
-0.0677738 -8.48654
-0.0698051 -8.47605
-0.0717583 -8.46461
-0.0737114 -8.45364
-0.0757427 -8.44458
-0.0776958 -8.43552
-0.0797272 -8.42503
-0.0816803 -8.4174
-0.0836334 -8.40882
-0.0856647 -8.40119
-0.0876179 -8.39404
-0.089571 -8.38593
-0.0916023 -8.38021
-0.0935555 -8.37306
-0.0955858 -8.36733
-0.0975389 -8.36113
-0.0994921 -8.35494
-0.0975389 -8.30058
-0.0955858 -8.26291
-0.0935555 -8.23239
-0.0916023 -8.20616
-0.089571 -8.18184
-0.0876179 -8.16134
-0.0856647 -8.14036
-0.0836334 -8.12223
-0.0816803 -8.1065
-0.0797272 -8.08886
-0.0776958 -8.07503
-0.0757427 -8.06072
-0.0737114 -8.04689
-0.0717583 -8.03497
-0.0698051 -8.0221
-0.0677738 -8.01065
-0.0658207 -7.99969
-0.0637894 -7.98967
-0.0618362 -7.97918
-0.0598831 -7.96869
-0.0578518 -7.96059
-0.0558987 -7.952
-0.0538673 -7.9439
-0.0519142 -7.93484
-0.0499611 -7.92768
-0.0479298 -7.92053
-0.0459766 -7.91243
-0.0439453 -7.9067
-0.0419922 -7.89955
-0.0400391 -7.89431
-0.0380077 -7.88763
-0.0360546 -7.88191
-0.0341015 -7.87571
-0.0320702 -7.87094
-0.030117 -7.86474
-0.0280857 -7.8614
-0.0261326 -7.85473
-0.0241795 -7.85091
-0.0221481 -7.84567
-0.020195 -7.84138
-0.0181637 -7.83852
-0.0162106 -7.8347
-0.0142574 -7.82993
-0.0122261 -7.82564
-0.010273 -7.8204
-0.00824261 -7.81801
-0.00628948 -7.81372
-0.00433636 -7.80991
-0.00230503 -7.80609
-0.000351906 -7.80228
0.00167942 -7.79894
0.00363255 -7.79655
0.00558567 -7.79322
0.007617 -7.78988
0.00957012 -7.78606
0.0115232 -7.78368
0.0135546 -7.78082
0.0155077 -7.77843
0.017539 -7.7751
0.0194921 -7.77224
0.0214453 -7.77081
0.0234766 -7.76699
0.0254297 -7.76461
0.0274611 -7.76127
0.0294142 -7.75841
0.0313673 -7.75459
0.0333986 -7.75316
0.0353518 -7.74887
0.0373831 -7.74649
0.0393362 -7.74124
0.0412893 -7.73886
0.0433207 -7.73457
0.0452738 -7.73266
0.0472269 -7.72646
0.0492582 -7.72312
0.0512114 -7.7174
0.0532427 -7.71168
0.0551958 -7.70691
0.0571489 -7.70071
0.0591803 -7.69356
0.0611334 -7.69117
0.0631647 -7.68164
0.0651178 -7.67496
0.067071 -7.66542
0.0691023 -7.65636
0.0710554 -7.64635
0.0730858 -7.63443
0.0750389 -7.62537
0.076993 -7.61202
0.0790234 -7.59771
0.0809765 -7.58484
0.0830078 -7.56863
0.0849609 -7.55384
0.0869141 -7.53572
0.0889454 -7.51617
0.0908985 -7.4971
0.0928516 -7.47469
0.094883 -7.44942
0.0968361 -7.4251
0.0988674 -7.39935
0.100821 -7.3736
0.102774 -7.34165
0.104805 -7.30637
0.106758 -7.27346
0.108789 -7.23579
0.110743 -7.19574
0.112696 -7.14949
0.114727 -7.10466
0.11668 -7.05221
0.118711 -7.00548
0.120665 -6.9454
0.122618 -6.89199
0.124649 -6.82619
0.126602 -6.75752
0.128633 -6.68695
0.130587 -6.61495
0.13254 -6.53198
0.134571 -6.44758
0.136524 -6.3441
0.138477 -6.26304
0.140509 -6.1734
0.142462 -6.06277
0.144493 -5.95024
0.146446 -5.82054
0.148399 -5.70133
0.150431 -5.56828
0.152384 -5.42428
0.154415 -5.27932
0.156368 -5.11577
0.158321 -4.96413
0.160352 -4.79629
0.162305 -4.62272
0.164336 -4.44057
0.166289 -4.24029
0.168242 -4.04002
0.170274 -3.8345
0.172227 -3.62183
0.17418 -3.3939
0.176211 -3.15644
0.178164 -2.91563
0.180196 -2.69724
0.182149 -2.44022
0.184102 -2.17367
0.186133 -1.889
0.188087 -1.63007
0.190118 -1.34254
0.192071 -1.06979
0.194024 -0.753646
0.196055 -0.478029
0.198009 -0.179052
0.20004 0.122309
0.201993 0.418879
0.203946 0.714996
0.205977 1.02046
0.207931 1.31419
0.209962 1.64707
0.211915 1.90752
0.213868 2.21833
0.215899 2.50391
0.217853 2.79106
0.219806 3.03553
0.221837 3.29713
0.22379 3.56892
0.225821 3.83615
0.227775 4.07137
0.229728 4.31914
0.231759 4.54191
0.233712 4.76379
0.235744 4.96253
0.237697 5.13901
0.23965 5.31611
0.241681 5.48076
0.243634 5.62734
0.245665 5.75161
0.247618 5.87239
0.249571 5.98531
0.251602 6.09901
0.253555 6.17578
0.255587 6.23109
0.25754 6.28545
0.259493 6.30882
0.261524 6.33552
0.263477 6.36127
0.26543 6.35173
0.267462 6.3627
0.269415 6.33218
0.271446 6.31645
0.273399 6.28736
0.275352 6.23586
0.277384 6.17721
0.279337 6.12285
0.281368 6.05609
0.283321 6.00507
0.285275 5.90971
0.287306 5.83341
0.289259 5.74949
0.29129 5.66795
0.293243 5.57782
0.295197 5.48055
0.297228 5.3847
0.299181 5.2798
0.301134 5.18538
0.303165 5.0924
0.305119 4.99036
0.30715 4.89451
0.309103 4.79581
0.311056 4.69615
0.313087 4.60221
0.315041 4.50303
0.317072 4.40433
0.319025 4.308
0.320978 4.21502
0.323009 4.12346
0.324963 4.03096
0.326994 3.9394
0.328947 3.84976
0.3309 3.76488
0.332931 3.67857
0.334884 3.59417
0.336915 3.51311
0.338868 3.42871
0.340821 3.35385
0.342853 3.27469
0.344806 3.20031
0.346759 3.12735
0.34879 3.05534
0.350743 2.98525
0.352775 2.91658
0.354728 2.84935
0.356681 2.78641
0.358712 2.72013
0.360665 2.65909
0.362697 2.59806
0.36465 2.53941
0.366603 2.48171
0.368634 2.42544
0.370587 2.37061
0.372619 2.31815
0.374572 2.26475
0.376525 2.21516
0.378556 2.16366
0.380509 2.11645
0.382541 2.06924
0.384494 2.02347
0.386447 1.97865
0.388478 1.93573
0.390431 1.89329
0.392385 1.85085
0.394416 1.81032
0.396369 1.77074
0.3984 1.73259
0.400353 1.6954
0.402307 1.65821
0.404338 1.6234
0.406291 1.58859
0.408322 1.55426
0.410275 1.52183
0.412229 1.48845
0.414259 1.45698
0.416212 1.42551
0.418243 1.39547
0.420197 1.36686
0.42215 1.33777
0.424181 1.30964
0.426134 1.28294
0.428087 1.25623
0.430119 1.23048
0.432072 1.20426
0.434103 1.17946
0.436056 1.15562
0.438009 1.13178
0.440041 1.10534
0.441994 1.08211
0.444025 1.05999
0.445978 1.03834
0.447931 1.01741
0.449963 0.996903
0.451916 0.976924
0.453947 0.957231
0.4559 0.937489
0.457853 0.919083
0.459885 0.900105
0.461838 0.882414
0.463869 0.864533
0.465822 0.847701
0.467775 0.830391
0.469807 0.814608
0.47176 0.798204
0.473713 0.78204
0.475744 0.767019
0.477697 0.751427
0.479729 0.736549
0.481682 0.72234
0.483635 0.708178
0.485666 0.694206
0.487619 0.680807
0.489651 0.667312
0.491604 0.654104
0.493557 0.64142
0.495588 0.628688
0.497541 0.616624
0.499572 0.604131
0.501525 0.592973
0.503478 0.582054
0.505509 0.57018
0.507463 0.55926
0.509494 0.548532
0.511447 0.538375
0.5134 0.528266
0.515431 0.518538
0.517385 0.50862
0.519338 0.499274
0.521369 0.489642
0.523322 0.481154
0.525353 0.472333
0.527307 0.46375
0.52926 0.455119
0.531291 0.447061
0.533244 0.439527
0.535275 0.432326
0.537229 0.42441
0.539182 0.416829
0.541213 0.409485
0.543166 0.403096
0.545197 0.396468
0.547151 0.390507
0.549104 0.383832
0.551135 0.377871
0.553088 0.371768
0.555041 0.366236
0.557073 0.361372
0.559026 0.355126
0.561057 0.349928
0.56301 0.345351
0.564963 0.340249
0.566995 0.335862
0.568948 0.330998
0.570979 0.326516
0.572932 0.322224
0.574885 0.318314
0.576917 0.314642
0.57887 0.31016
0.580901 0.306726
0.582854 0.303055
0.584807 0.300194
0.586838 0.296713
0.588791 0.293661
0.590822 0.290228
0.592775 0.287987
0.594728 0.284649
0.59676 0.282598
0.598713 0.279785
0.600666 0.27721
0.602697 0.274921
0.60465 0.272633
0.606682 0.27063
0.608635 0.268818
0.610588 0.2661
0.612619 0.26486
0.614573 0.263144
0.616604 0.261713
0.618557 0.259377
0.62051 0.258137
0.622541 0.256992
0.624495 0.255991
0.626526 0.254608
0.628479 0.253416
0.630432 0.251699
0.632463 0.251556
0.634417 0.250889
0.636448 0.249744
0.638401 0.249077
0.640354 0.248648
0.642385 0.247599
0.644339 0.247408
0.646292 0.247026
0.648323 0.245977
0.650276 0.246311
0.652308 0.245405
0.654261 0.245405
0.656214 0.245071
0.658245 0.24469
0.660198 0.244785
0.66223 0.244642
0.664183 0.245405
0.666136 0.245214
0.668166 0.245453
0.67012 0.245596
0.672151 0.245596
0.674104 0.246836
0.676057 0.246645
0.678088 0.247265
0.680041 0.247599
0.681994 0.248838
0.684026 0.248648
0.685979 0.249458
0.68801 0.249935
0.689963 0.250793
0.691916 0.25127
0.693948 0.25251
0.695901 0.252939
0.697932 0.253273
0.699885 0.254656
0.697932 0.227858
0.695901 0.211359
0.693948 0.198532
0.691916 0.187088
