0.689963 0.798702
0.68801 0.698566
0.685979 0.641346
0.684026 0.603199
0.681994 0.574589
0.680041 0.501394
0.678088 0.478029
0.676057 0.451803
0.674104 0.43273
0.672151 0.40555
0.67012 0.40238
0.668166 0.365622
0.666136 0.334527
0.664183 0.320031
0.66223 0.310827
0.660198 0.295187
0.658245 0.27907
0.656214 0.269962
0.654261 0.254656
0.652308 0.241972
0.650276 0.226093
0.648323 0.211454
0.646292 0.196529
0.644339 0.188375
0.642385 0.175596
0.640354 0.166631
0.638401 0.147796
0.636448 0.139452
0.634417 0.129343
0.632463 0.116849
0.630432 0.103736
0.628479 0.0960593
0.626526 0.0861411
0.624495 0.0757937
0.622541 0.0645881
0.62051 0.0571012
0.618557 0.0451803
0.616604 0.0433207
0.614573 0.0280619
0.612619 0.0201941
0.610588 0.0103235
0.608635 0.00474453
0.606682 -0.00345707
0.60465 -0.0169992
0.602697 -0.0252008
0.600666 -0.0338316
0.598713 -0.0388861
0.59676 -0.0480413
0.594728 -0.0607252
0.592775 -0.0648742
0.590822 -0.0725989
0.588791 -0.0765567
0.586838 -0.0847106
0.584807 -0.0967746
0.582854 -0.103784
0.580901 -0.112415
0.57887 -0.119186
0.576917 -0.123096
0.574885 -0.133014
0.572932 -0.138736
0.570979 -0.14546
0.568948 -0.152898
0.566995 -0.157524
0.564963 -0.169492
0.56301 -0.176025
0.561057 -0.181461
0.559026 -0.184846
0.557073 -0.195337
0.555041 -0.200058
0.553088 -0.206114
0.551135 -0.216652
0.549104 -0.220133
0.547151 -0.224424
0.545197 -0.236488
0.543166 -0.238443
0.541213 -0.246788
0.539182 -0.248314
0.537229 -0.254036
0.535275 -0.256134
0.533244 -0.266481
0.531291 -0.278164
0.52926 -0.284172
0.527307 -0.287558
0.525353 -0.291658
0.523322 -0.297237
0.521369 -0.307346
0.519338 -0.310493
0.517385 -0.318457
0.515431 -0.322987
0.5134 -0.325562
0.511447 -0.336958
0.509494 -0.340058
0.507463 -0.343157
0.505509 -0.352265
0.503478 -0.355364
0.501525 -0.367953
0.499572 -0.369622
0.497541 -0.369669
0.495588 -0.377156
0.493557 -0.382782
0.491604 -0.386549
0.489651 -0.393893
0.487619 -0.401999
0.485666 -0.40691
0.483635 -0.415207
0.481682 -0.417687
0.479729 -0.42503
0.477697 -0.432087
0.475744 -0.438668
0.473713 -0.44358
0.47176 -0.447299
0.469807 -0.456359
0.467775 -0.458123
0.465822 -0.462701
0.463869 -0.472953
0.461838 -0.479056
0.459885 -0.483109
0.457853 -0.486352
0.4559 -0.492599
0.453947 -0.501611
0.451916 -0.505092
0.449963 -0.511672
0.447931 -0.520732
0.445978 -0.52283
0.444025 -0.531938
0.441994 -0.540473
0.440041 -0.544288
0.438009 -0.551917
0.436056 -0.559499
0.434103 -0.563123
0.432072 -0.572946
0.430119 -0.579431
0.428087 -0.589635
0.426134 -0.593641
0.424181 -0.605609
0.42215 -0.608184
0.420197 -0.615861
0.418243 -0.624254
0.416212 -0.635316
0.414259 -0.640037
0.412229 -0.65172
0.410275 -0.660589
0.408322 -0.666549
0.406291 -0.679519
0.404338 -0.689962
0.402307 -0.701979
0.400353 -0.704697
0.3984 -0.723675
0.396369 -0.738314
0.394416 -0.743702
0.392385 -0.757006
0.390431 -0.770214
0.388478 -0.78924
0.386447 -0.807646
0.384494 -0.81642
0.382541 -0.831107
0.380509 -0.850991
0.378556 -0.869206
0.376525 -0.875929
0.374572 -0.903014
0.372619 -0.917986
0.370587 -0.946692
0.368634 -0.965432
0.366603 -0.989512
0.36465 -1.01536
0.362697 -1.04659
0.360665 -1.07086
0.358712 -1.09675
0.356681 -1.13028
0.354728 -1.16518
0.352775 -1.19493
0.350743 -1.23089
0.34879 -1.26942
0.346759 -1.31085
0.344806 -1.3573
0.342853 -1.40455
0.340821 -1.44613
0.338868 -1.50278
0.336915 -1.54737
0.334884 -1.60568
0.332931 -1.66257
0.3309 -1.73248
0.328947 -1.80014
0.326994 -1.86442
0.324963 -1.94414
0.323009 -2.02144
0.320978 -2.11066
0.319025 -2.19825
0.317072 -2.28609
0.315041 -2.38365
0.313087 -2.49146
0.311056 -2.60466
0.309103 -2.72173
0.30715 -2.84876
0.305119 -2.97855
0.303165 -3.10663
0.301134 -3.26327
0.299181 -3.40914
0.297228 -3.55815
0.295197 -3.72108
0.293243 -3.89289
0.29129 -4.08544
0.289259 -4.28962
0.287306 -4.49428
0.285275 -4.71177
0.283321 -4.91566
0.281368 -5.17492
0.279337 -5.4203
0.277384 -5.6797
0.275352 -5.94187
0.273399 -6.02367
0.271446 -6.7704
0.269415 -6.8796
0.267462 -7.17571
0.26543 -7.51474
0.263477 -7.84853
0.261524 -8.22047
0.259493 -8.59097
0.25754 -8.96576
0.255587 -9.37919
0.253555 -9.79117
0.251602 -10.2256
0.249571 -10.6867
0.247618 -11.1564
0.245665 -11.6399
0.243634 -12.1196
0.241681 -12.6317
0.23965 -13.1658
0.237697 -13.7003
0.235744 -14.2415
0.233712 -14.8109
0.231759 -15.4141
0.229728 -16.0034
0.227775 -16.6224
0.225821 -17.2342
0.22379 -17.8769
0.221837 -18.5331
0.219806 -19.1682
0.217853 -19.7943
0.215899 -20.4743
0.213868 -21.1557
0.211915 -21.8709
0.209962 -22.529
0.207931 -23.2819
0.205977 -23.9809
0.203946 -24.6995
0.201993 -25.4181
0.20004 -26.1382
0.198009 -26.8715
0.196055 -27.593
0.194024 -28.294
0.192071 -29.0593
0.190118 -29.7564
0.188087 -30.4812
0.186133 -31.1726
0.184102 -31.9036
0.182149 -32.6065
0.180196 -33.2927
0.178164 -33.9154
0.176211 -34.5758
0.17418 -35.2591
0.172227 -35.9172
0.170274 -36.5261
0.168242 -37.145
0.166289 -37.7516
0.164336 -38.3457
0.162305 -38.8912
0.160352 -39.4453
0.158321 -39.9689
0.156368 -40.4562
0.154415 -40.9736
0.152384 -41.4333
0.150431 -41.8944
0.148399 -42.323
0.146446 -42.6897
0.144493 -43.1065
0.142462 -43.4703
0.140509 -43.7955
0.138477 -44.0525
0.136524 -44.2867
0.134571 -44.6243
0.13254 -44.8651
0.130587 -45.0863
0.128633 -45.2666
0.126602 -45.4387
0.124649 -45.6065
0.122618 -45.7453
0.120665 -45.8316
0.118711 -45.9313
0.11668 -45.978
0.114727 -46.0538
0.112696 -46.0886
0.110743 -46.1101
0.108789 -46.0991
0.106758 -46.0767
0.104805 -46.0166
0.102774 -45.9928
0.100821 -45.9236
0.0988674 -45.8121
0.0968361 -45.7143
0.094883 -45.6056
0.0928516 -45.505
0.0908985 -45.3815
0.0889454 -45.2337
0.0869141 -45.0892
0.0849609 -44.9361
0.0830078 -44.7625
0.0809765 -44.5937
0.0790234 -44.4106
0.076993 -44.2304
0.0750389 -44.0516
0.0730858 -43.8475
0.0710554 -43.6568
0.0691023 -43.4498
0.067071 -43.2452
0.0651178 -43.035
0.0631647 -42.8027
0.0611334 -42.6025
0.0591803 -42.3469
0.0571489 -42.1457
0.0551958 -41.9239
0.0532427 -41.6984
0.0512114 -41.4795
0.0492582 -41.263
0.0472269 -41.0432
0.0452738 -40.8339
0.0433207 -40.5997
0.0412893 -40.3818
0.0393362 -40.1572
0.0373831 -39.9469
0.0353518 -39.7247
0.0333986 -39.5106
0.0313673 -39.288
0.0294142 -39.0843
0.0274611 -38.8693
0.0254297 -38.6647
0.0234766 -38.4497
0.0214453 -38.2456
0.0194921 -38.0191
0.017539 -37.8288
0.0155077 -37.6319
0.0135546 -37.4273
0.0115232 -37.2299
0.00957012 -37.033
0.007617 -36.8475
0.00558567 -36.6544
0.00363255 -36.4703
0.00167942 -36.2748
-0.000351906 -36.0826
-0.00230503 -35.9205
-0.00433636 -35.7398
-0.00628948 -35.5662
-0.00824261 -35.3798
-0.010273 -35.2019
-0.0122261 -35.0431
-0.0142574 -34.8691
-0.0162106 -34.6946
-0.0181637 -34.5339
-0.020195 -34.3517
-0.0221481 -34.2049
-0.0241795 -34.0456
-0.0261326 -33.8882
-0.0280857 -33.7437
-0.030117 -33.5726
-0.0320702 -33.4348
-0.0341015 -33.2784
-0.0360546 -33.1363
-0.0380077 -32.9903
-0.0400391 -32.8435
-0.0419922 -32.698
-0.0439453 -32.5731
-0.0459766 -32.4224
-0.0479298 -32.2889
-0.0499611 -32.1463
-0.0519142 -32.0247
-0.0538673 -31.8908
-0.0558987 -31.7634
-0.0578518 -31.629
-0.0598831 -31.4902
-0.0618362 -31.3782
-0.0637894 -31.2513
-0.0658207 -31.1378
-0.0677738 -31.0129
-0.0698051 -30.8889
-0.0717583 -30.7759
-0.0737114 -30.6529
-0.0757427 -30.5446
-0.0776958 -30.4235
-0.0797272 -30.3239
-0.0816803 -30.2032
-0.0836334 -30.0955
-0.0856647 -29.9939
-0.0876179 -29.888
-0.089571 -29.7807
-0.0916023 -29.6773
-0.0935555 -29.5724
-0.0955858 -29.4684
-0.0975389 -29.3692
-0.0994921 -29.2567
-0.0975389 -28.6778
-0.0955858 -28.2758
-0.0935555 -27.942
-0.0916023 -27.6531
-0.089571 -27.3875
-0.0876179 -27.1419
-0.0856647 -26.9054
-0.0836334 -26.6808
-0.0816803 -26.4739
-0.0797272 -26.2683
-0.0776958 -26.0771
-0.0757427 -25.8816
-0.0737114 -25.7019
-0.0717583 -25.514
-0.0698051 -25.339
-0.0677738 -25.1688
-0.0658207 -25.0081
-0.0637894 -24.8431
-0.0618362 -24.68
-0.0598831 -24.5155
-0.0578518 -24.3686
-0.0558987 -24.2194
-0.0538673 -24.062
-0.0519142 -23.9128
-0.0499611 -23.7673
-0.0479298 -23.6271
-0.0459766 -23.4822
-0.0439453 -23.342
-0.0419922 -23.1908
-0.0400391 -23.0645
-0.0380077 -22.929
-0.0360546 -22.7946
-0.0341015 -22.6606
-0.0320702 -22.5337
-0.030117 -22.3983
-0.0280857 -22.2767
-0.0261326 -22.1389
-0.0241795 -22.025
-0.0221481 -21.89
-0.020195 -21.7627
-0.0181637 -21.6564
-0.0162106 -21.5314
-0.0142574 -21.4036
-0.0122261 -21.2754
-0.010273 -21.1485
-0.00824261 -21.0403
-0.00628948 -20.9187
-0.00433636 -20.7928
-0.00230503 -20.6741
-0.000351906 -20.5482
0.00167942 -20.4428
0.00363255 -20.325
0.00558567 -20.201
0.007617 -20.0909
0.00957012 -19.965
0.0115232 -19.8568
0.0135546 -19.7366
0.0155077 -19.6207
0.017539 -19.5101
0.0194921 -19.388
0.0214453 -19.2817
0.0234766 -19.1606
0.0254297 -19.05
0.0274611 -18.9269
0.0294142 -18.8101
0.0313673 -18.688
0.0333986 -18.5812
0.0353518 -18.4582
0.0373831 -18.3342
0.0393362 -18.206
0.0412893 -18.1068
0.0433207 -17.9766
0.0452738 -17.8621
0.0472269 -17.7348
0.0492582 -17.6118
0.0512114 -17.4902
0.0532427 -17.3639
0.0551958 -17.2356
0.0571489 -17.1116
0.0591803 -16.9795
0.0611334 -16.8689
0.0631647 -16.7273
0.0651178 -16.6038
0.067071 -16.4669
0.0691023 -16.3296
0.0710554 -16.1865
0.0730858 -16.0406
0.0750389 -15.8981
0.076993 -15.754
0.0790234 -15.5991
0.0809765 -15.4517
0.0830078 -15.3087
0.0849609 -15.1566
0.0869141 -14.9921
0.0889454 -14.8347
0.0908985 -14.6764
0.0928516 -14.5062
0.094883 -14.3278
0.0968361 -14.1509
0.0988674 -13.974
0.100821 -13.8028
0.102774 -13.6183
0.104805 -13.408
0.106758 -13.2206
0.108789 -13.0213
0.110743 -12.811
0.112696 -12.5859
0.114727 -12.3747
0.11668 -12.1401
0.118711 -11.916
0.120665 -11.669
0.122618 -11.4353
0.124649 -11.1802
0.126602 -10.9165
0.128633 -10.6485
0.130587 -10.3791
0.13254 -10.093
0.134571 -9.80548
0.136524 -9.48075
0.138477 -9.19703
0.140509 -8.90902
0.142462 -8.5862
0.144493 -8.24431
0.146446 -7.87428
0.148399 -7.53525
0.150431 -7.16999
0.152384 -6.78422
0.154415 -6.39846
0.156368 -5.98505
0.158321 -5.60023
0.160352 -5.17632
0.162305 -4.74765
0.164336 -4.3204
0.166289 -3.86073
0.168242 -3.40582
0.170274 -2.9328
0.172227 -2.46025
0.17418 -1.96386
0.176211 -1.44649
0.178164 -0.939136
0.180196 -0.457048
0.182149 0.0736713
0.184102 0.623941
0.186133 1.19424
0.188087 1.4098
0.190118 2.59193
0.192071 2.91966
0.194024 3.51609
0.196055 4.07471
0.198009 4.6647
0.20004 5.27076
0.201993 5.87234
0.203946 6.25
0.205977 6.82523
0.207931 7.98634
0.209962 8.4441
0.211915 9.00677
0.213868 9.65623
0.215899 10.2718
0.217853 10.9103
0.219806 11.4944
0.221837 12.1053
0.22379 12.7423
0.225821 13.3851
0.227775 13.9993
0.229728 14.6373
0.231759 15.241
0.233712 15.8623
0.235744 16.4645
0.237697 17.0482
0.23965 17.6385
0.241681 18.2312
0.243634 18.7968
0.245665 19.3437
0.247618 19.8882
0.249571 20.4337
0.251602 20.9726
0.253555 21.488
0.255587 21.9768
0.25754 22.4636
0.259493 22.91
0.261524 23.3611
0.263477 23.8279
0.26543 24.2294
0.267462 24.6647
0.269415 25.0391
0.271446 25.4272
0.273399 25.8058
0.275352 26.1262
0.277384 26.4338
0.279337 26.7361
0.281368 27.0198
0.283321 27.335
0.285275 27.5324
0.287306 27.7723
0.289259 27.973
0.29129 28.1852
0.293243 28.3602
0.295197 28.5019
0.297228 28.6292
0.299181 28.7083
0.301134 28.8094
0.303165 28.9134
0.305119 28.9634
0.30715 29.0159
0.309103 29.0388
0.311056 29.0569
0.313087 29.0688
0.315041 29.0474
0.317072 28.9992
0.319025 28.9491
0.320978 28.8862
0.323009 28.8204
0.324963 28.7298
0.326994 28.6187
0.328947 28.5066
0.3309 28.3946
0.332931 28.252
0.334884 28.1075
0.336915 27.963
0.338868 27.769
0.340821 27.6192
0.342853 27.4261
0.344806 27.253
0.346759 27.0671
0.34879 26.8725
0.350743 26.6689
0.352775 26.4691
0.354728 26.2531
0.356681 26.0576
0.358712 25.8111
0.360665 25.6079
0.362697 25.3814
0.36465 25.1602
0.366603 24.9346
0.368634 24.7086
0.370587 24.4845
0.372619 24.2685
0.374572 24.022
0.376525 23.806
0.378556 23.5561
0.380509 23.3363
0.382541 23.1069
0.384494 22.8876
0.386447 22.6692
0.388478 22.4498
0.390431 22.2319
0.392385 22.0107
0.394416 21.7927
0.396369 21.5772
0.3984 21.3674
0.400353 21.1528
0.402307 20.9401
0.404338 20.7403
0.406291 20.5348
0.408322 20.3355
0.410275 20.1371
0.412229 19.9369
0.414259 19.748
0.416212 19.553
0.418243 19.3609
0.420197 19.1797
0.42215 18.9956
0.424181 18.8053
0.426134 18.6375
0.428087 18.4558
0.430119 18.2951
0.432072 18.112
0.434103 17.9489
0.436056 17.7811
0.438009 17.6185
0.440041 17.4602
0.441994 17.3014
0.444025 17.1431
0.445978 16.991
0.447931 16.8365
0.449963 16.6958
0.451916 16.547
0.453947 16.403
0.4559 16.2595
0.457853 16.1217
0.459885 15.9724
0.461838 15.8432
0.463869 15.7073
0.465822 15.5795
0.467775 15.4527
0.469807 15.3277
0.47176 15.2004
0.473713 15.0717
0.475744 14.9491
0.477697 14.8328
0.479729 14.7169
0.481682 14.5977
0.483635 14.4871
0.485666 14.3745
0.487619 14.2663
0.489651 14.1542
0.491604 14.0431
0.493557 13.9397
0.495588 13.8381
0.497541 13.7289
0.499572 13.6293
0.501525 13.5334
0.503478 13.4423
0.505509 13.3322
0.507463 13.243
0.509494 13.15
0.511447 13.0561
0.5134 12.9574
0.515431 12.8692
0.517385 12.7833
0.519338 12.6966
0.521369 12.6045
0.523322 12.5225
0.525353 12.4429
0.527307 12.3632
0.52926 12.276
0.531291 12.1921
0.533244 12.1129
0.535275 12.0357
0.537229 11.9584
0.539182 11.873
0.541213 11.8049
0.543166 11.7295
0.545197 11.657
0.547151 11.5831
0.549104 11.5116
0.551135 11.4429
0.553088 11.3681
0.555041 11.3042
0.557073 11.2379
0.559026 11.1692
0.561057 11.102
0.56301 11.0357
0.564963 10.9709
0.566995 10.9141
0.568948 10.845
0.570979 10.783
0.572932 10.7205
0.574885 10.6643
0.576917 10.607
0.57887 10.5374
0.580901 10.4831
0.582854 10.4282
0.584807 10.3753
0.586838 10.3138
0.588791 10.257
0.590822 10.1993
0.592775 10.1488
0.594728 10.0921
0.59676 10.0429
0.598713 9.99335
0.600666 9.94138
0.602697 9.89083
0.60465 9.83743
0.606682 9.78927
0.608635 9.74063
0.610588 9.68913
0.612619 9.64002
0.614573 9.59043
0.616604 9.55037
0.618557 9.4984
0.62051 9.45024
0.622541 9.40637
0.624495 9.36392
0.626526 9.3191
0.628479 9.27332
0.630432 9.23422
0.632463 9.18225
0.634417 9.14601
0.636448 9.10309
0.638401 9.0597
0.640354 9.02012
0.642385 8.98055
0.644339 8.94049
0.646292 8.90425
0.648323 8.86134
0.650276 8.82939
0.652308 8.78504
0.654261 8.74213
0.656214 8.70923
0.658245 8.6706
0.660198 8.63436
0.66223 8.60098
0.664183 8.56284
0.666136 8.53089
0.668166 8.49417
0.67012 8.46365
0.672151 8.42455
0.674104 8.39594
0.676057 8.36113
0.678088 8.32585
0.680041 8.29199
0.681994 8.26672
0.684026 8.2343
0.685979 8.19996
0.68801 8.16802
0.689963 8.14227
0.691916 8.10793
0.693948 8.0817
0.695901 8.04785
0.697932 8.0159
0.699885 7.99301
0.697932 7.7503
0.695901 7.60677
0.693948 7.48566
0.691916 7.37932
