0.689963 8.68586
0.68801 8.59431
0.685979 8.51182
0.684026 8.42837
0.681994 8.35637
0.680041 8.27721
0.678088 8.21332
0.676057 8.13845
0.674104 8.08027
0.672151 8.01352
0.67012 7.95296
0.668166 7.8924
0.666136 7.83661
0.664183 7.77653
0.66223 7.72455
0.660198 7.66685
0.658245 7.61345
0.656214 7.56338
0.654261 7.50902
0.652308 7.45848
0.650276 7.4127
0.648323 7.36025
0.646292 7.30827
0.644339 7.26107
0.642385 7.21624
0.640354 7.16999
0.638401 7.12278
0.636448 7.08273
0.634417 7.03409
0.632463 6.99404
0.630432 6.94731
0.628479 6.90773
0.626526 6.86576
0.624495 6.82237
0.622541 6.77993
0.62051 6.74179
0.618557 6.70412
0.616604 6.66549
0.614573 6.6221
0.612619 6.58109
0.610588 6.54628
0.608635 6.51195
0.606682 6.46617
0.60465 6.42946
0.602697 6.3956
0.600666 6.35984
0.598713 6.3236
0.59676 6.2845
0.594728 6.24731
0.592775 6.21393
0.590822 6.1753
0.588791 6.14717
0.586838 6.11618
0.584807 6.07946
0.582854 6.04179
0.580901 6.00698
0.57887 5.97599
0.576917 5.94785
0.574885 5.90827
0.572932 5.87394
0.570979 5.84629
0.568948 5.81911
0.566995 5.78477
0.564963 5.74663
0.56301 5.71754
0.561057 5.68607
0.559026 5.65889
0.557073 5.62789
0.555041 5.59213
0.553088 5.56495
0.551135 5.53252
0.549104 5.50105
0.547151 5.47196
0.545197 5.44621
0.543166 5.40902
0.541213 5.37946
0.539182 5.34846
0.537229 5.32844
0.535275 5.30126
0.533244 5.26263
0.531291 5.23593
0.52926 5.2097
0.527307 5.18491
0.525353 5.14724
0.523322 5.1191
0.521369 5.09145
0.519338 5.06618
0.517385 5.03613
0.515431 5.008
0.5134 4.98321
0.511447 4.95126
0.509494 4.92503
0.507463 4.89642
0.505509 4.86781
0.503478 4.84492
0.501525 4.81202
0.499572 4.78532
0.497541 4.75862
0.495588 4.73287
0.493557 4.7095
0.491604 4.67803
0.489651 4.65085
0.487619 4.62462
0.485666 4.59792
0.483635 4.56693
0.481682 4.54261
0.479729 4.51591
0.477697 4.48968
0.475744 4.4625
0.473713 4.43151
0.47176 4.40909
0.469807 4.38048
0.467775 4.34853
0.465822 4.32183
0.463869 4.29894
0.461838 4.27319
0.459885 4.24077
0.457853 4.22265
0.4559 4.19261
0.453947 4.16972
0.451916 4.13777
0.449963 4.10916
0.447931 4.07912
0.445978 4.05385
0.444025 4.02047
0.441994 3.99567
0.440041 3.96658
0.438009 3.93607
0.436056 3.91318
0.434103 3.88361
0.432072 3.85405
0.430119 3.83164
0.428087 3.79683
0.426134 3.76345
0.424181 3.7358
0.42215 3.70623
0.420197 3.67905
0.418243 3.64806
0.416212 3.61659
0.414259 3.5875
0.412229 3.55555
0.410275 3.52551
0.408322 3.49022
0.406291 3.45494
0.404338 3.42776
0.402307 3.38961
0.400353 3.35862
0.3984 3.32285
0.396369 3.29043
0.394416 3.24799
0.392385 3.21986
0.390431 3.17885
0.388478 3.14213
0.386447 3.10207
0.384494 3.06059
0.382541 3.02435
0.380509 2.98239
0.378556 2.94233
0.376525 2.90848
0.374572 2.8565
0.372619 2.81597
0.370587 2.76304
0.368634 2.71536
0.366603 2.66481
0.36465 2.61665
0.362697 2.56754
0.360665 2.51318
0.358712 2.45358
0.356681 2.40541
0.354728 2.33675
0.352775 2.28096
0.350743 2.21754
0.34879 2.15603
0.346759 2.08641
0.344806 2.01345
0.342853 1.94241
0.340821 1.86801
0.338868 1.78552
0.336915 1.71733
0.334884 1.63389
0.332931 1.54281
0.3309 1.44792
0.328947 1.34635
0.326994 1.25337
0.324963 1.15228
0.323009 1.04738
0.320978 0.927691
0.319025 0.812297
0.317072 0.692134
0.315041 0.662067
0.313087 0.199724
0.311056 0.258137
0.309103 0.125766
0.30715 -0.0235796
0.305119 -0.179506
0.303165 -0.335337
0.301134 -0.517823
0.299181 -0.699356
0.297228 -0.862435
0.295197 -1.06013
0.293243 -1.25812
0.29129 -1.48037
0.289259 -1.70916
0.287306 -1.93532
0.285275 -2.18781
0.283321 -2.40963
0.281368 -2.70012
0.279337 -2.97011
0.277384 -3.25679
0.275352 -3.54594
0.273399 -3.84726
0.271446 -4.17809
0.269415 -4.52012
0.267462 -4.84847
0.26543 -5.22456
0.263477 -5.57918
0.261524 -5.97429
0.259493 -6.13525
0.25754 -7.00214
0.255587 -7.23675
0.253555 -7.6454
0.251602 -8.09887
0.249571 -8.56951
0.247618 -9.05398
0.245665 -9.54417
0.243634 -10.0491
0.241681 -10.5713
0.23965 -11.1125
0.237697 -11.6671
0.235744 -12.213
0.233712 -12.7948
0.231759 -13.3999
0.229728 -13.9959
0.227775 -14.6206
0.225821 -15.2381
0.22379 -15.8795
0.221837 -16.5351
0.219806 -17.1717
0.217853 -17.7978
0.215899 -18.4801
0.213868 -19.1601
0.211915 -19.8673
0.209962 -20.5224
0.207931 -21.2725
0.205977 -21.962
0.203946 -22.6744
0.201993 -23.3787
0.20004 -24.0906
0.198009 -24.7997
0.196055 -25.5078
0.194024 -26.1978
0.192071 -26.9521
0.190118 -27.6288
0.188087 -28.3388
0.186133 -29.0106
0.184102 -29.7326
0.182149 -30.3949
0.180196 -31.0577
0.178164 -31.6581
0.176211 -32.3023
0.17418 -32.9608
0.172227 -33.5835
0.170274 -34.1801
0.168242 -34.7542
0.166289 -35.3302
0.164336 -35.8967
0.162305 -36.4269
0.160352 -36.9438
0.158321 -37.4321
0.156368 -37.898
0.154415 -38.3824
0.152384 -38.8202
0.150431 -39.2517
0.148399 -39.636
0.146446 -39.9775
0.144493 -40.3561
0.142462 -40.6851
0.140509 -40.9865
0.138477 -41.2115
0.136524 -41.4218
0.134571 -41.7194
0.13254 -41.9254
0.130587 -42.1247
0.128633 -42.272
0.126602 -42.416
0.124649 -42.5581
0.122618 -42.6678
0.120665 -42.7326
0.118711 -42.8147
0.11668 -42.8323
0.114727 -42.8786
0.112696 -42.8876
0.110743 -42.8919
0.108789 -42.8676
0.106758 -42.8261
0.104805 -42.7446
0.102774 -42.7064
0.100821 -42.6211
0.0988674 -42.4928
0.0968361 -42.3779
0.094883 -42.2672
0.0928516 -42.1523
0.0908985 -42.0117
0.0889454 -41.8553
0.0869141 -41.695
0.0849609 -41.542
0.0830078 -41.3617
0.0809765 -41.1829
0.0790234 -40.9936
0.076993 -40.8148
0.0750389 -40.6207
0.0730858 -40.409
0.0710554 -40.2211
0.0691023 -40.0127
0.067071 -39.8091
0.0651178 -39.5903
0.0631647 -39.3671
0.0611334 -39.1687
0.0591803 -38.9189
0.0571489 -38.7177
0.0551958 -38.4969
0.0532427 -38.2809
0.0512114 -38.0711
0.0492582 -37.8551
0.0472269 -37.6228
0.0452738 -37.414
0.0433207 -37.1937
0.0412893 -36.9829
0.0393362 -36.7583
0.0373831 -36.5552
0.0353518 -36.3492
0.0333986 -36.1365
0.0313673 -35.9167
0.0294142 -35.7193
0.0274611 -35.5224
0.0254297 -35.3116
0.0234766 -35.1027
0.0214453 -34.9082
0.0194921 -34.6922
0.017539 -34.5076
0.0155077 -34.3112
0.0135546 -34.1228
0.0115232 -33.9354
0.00957012 -33.7485
0.007617 -33.5702
0.00558567 -33.3794
0.00363255 -33.1982
0.00167942 -33.0199
-0.000351906 -32.8306
-0.00230503 -32.6656
-0.00433636 -32.5078
-0.00628948 -32.3361
-0.00824261 -32.1687
-0.010273 -31.9885
-0.0122261 -31.844
-0.0142574 -31.6786
-0.0162106 -31.5121
-0.0181637 -31.3557
-0.020195 -31.185
-0.0221481 -31.0453
-0.0241795 -30.8994
-0.0261326 -30.7373
-0.0280857 -30.6047
-0.030117 -30.4531
-0.0320702 -30.3081
-0.0341015 -30.1684
-0.0360546 -30.0382
-0.0380077 -29.898
-0.0400391 -29.755
-0.0419922 -29.6215
-0.0439453 -29.4918
-0.0459766 -29.363
-0.0479298 -29.2357
-0.0499611 -29.1051
-0.0519142 -28.9806
-0.0538673 -28.8619
-0.0558987 -28.7431
-0.0578518 -28.6153
-0.0598831 -28.4837
-0.0618362 -28.3702
-0.0637894 -28.2587
-0.0658207 -28.1514
-0.0677738 -28.0336
-0.0698051 -27.9225
-0.0717583 -27.8205
-0.0737114 -27.7036
-0.0757427 -27.5968
-0.0776958 -27.4886
-0.0797272 -27.3851
-0.0816803 -27.2883
-0.0836334 -27.1796
-0.0856647 -27.0833
-0.0876179 -26.9898
-0.089571 -26.8849
-0.0916023 -26.7905
-0.0935555 -26.6894
-0.0955858 -26.6007
-0.0975389 -26.5072
-0.0994921 -26.4014
-0.0975389 -25.8482
-0.0955858 -25.4715
-0.0935555 -25.1559
-0.0916023 -24.8869
-0.089571 -24.6285
-0.0876179 -24.3948
-0.0856647 -24.1817
-0.0836334 -23.969
-0.0816803 -23.7745
-0.0797272 -23.5785
-0.0776958 -23.3968
-0.0757427 -23.2204
-0.0737114 -23.0382
-0.0717583 -22.868
-0.0698051 -22.7068
-0.0677738 -22.5447
-0.0658207 -22.3912
-0.0637894 -22.2367
-0.0618362 -22.0807
-0.0598831 -21.9367
-0.0578518 -21.7942
-0.0558987 -21.6573
-0.0538673 -21.5081
-0.0519142 -21.3755
-0.0499611 -21.2315
-0.0479298 -21.098
-0.0459766 -20.9602
-0.0439453 -20.83
-0.0419922 -20.7003
-0.0400391 -20.5754
-0.0380077 -20.4523
-0.0360546 -20.3255
-0.0341015 -20.201
-0.0320702 -20.079
-0.030117 -19.954
-0.0280857 -19.8425
-0.0261326 -19.718
-0.0241795 -19.6055
-0.0221481 -19.4829
-0.020195 -19.3632
-0.0181637 -19.2731
-0.0162106 -19.1448
-0.0142574 -19.0304
-0.0122261 -18.9222
-0.010273 -18.8034
-0.00824261 -18.6904
-0.00628948 -18.5798
-0.00433636 -18.4706
-0.00230503 -18.3604
-0.000351906 -18.2408
0.00167942 -18.144
0.00363255 -18.0395
0.00558567 -17.9289
0.007617 -17.8188
0.00957012 -17.7081
0.0115232 -17.6051
0.0135546 -17.4983
0.0155077 -17.3934
0.017539 -17.2799
0.0194921 -17.1707
0.0214453 -17.0749
0.0234766 -16.969
0.0254297 -16.8656
0.0274611 -16.7516
0.0294142 -16.6367
0.0313673 -16.5313
0.0333986 -16.4269
0.0353518 -16.321
0.0373831 -16.207
0.0393362 -16.0936
0.0412893 -15.9939
0.0433207 -15.879
0.0452738 -15.7765
0.0472269 -15.652
0.0492582 -15.5533
0.0512114 -15.4322
0.0532427 -15.3149
0.0551958 -15.2
0.0571489 -15.0855
0.0591803 -14.9673
0.0611334 -14.8671
0.0631647 -14.7341
0.0651178 -14.6182
0.067071 -14.4904
0.0691023 -14.3641
0.0710554 -14.2348
0.0730858 -14.1027
0.0750389 -13.9745
0.076993 -13.8381
0.0790234 -13.6993
0.0809765 -13.5663
0.0830078 -13.4256
0.0849609 -13.2783
0.0869141 -13.1281
0.0889454 -12.9879
0.0908985 -12.8386
0.0928516 -12.6813
0.094883 -12.5125
0.0968361 -12.3508
0.0988674 -12.1859
0.100821 -12.0299
0.102774 -11.8583
0.104805 -11.6609
0.106758 -11.4835
0.108789 -11.2923
0.110743 -11.0972
0.112696 -10.8898
0.114727 -10.6867
0.11668 -10.4654
0.118711 -10.2642
0.120665 -10.0253
0.122618 -9.80882
0.124649 -9.5642
0.126602 -9.30718
0.128633 -9.05589
0.130587 -8.8065
0.13254 -8.52946
0.134571 -8.2486
0.136524 -7.93818
0.138477 -7.67019
0.140509 -7.39983
0.142462 -7.07748
0.144493 -6.74465
0.146446 -6.39799
0.148399 -6.07088
0.150431 -5.71659
0.152384 -5.34942
0.154415 -4.97891
0.156368 -4.57217
0.158321 -4.19356
0.160352 -3.79015
0.162305 -3.38198
0.164336 -2.95664
0.166289 -2.50746
0.168242 -2.05017
0.170274 -1.60242
0.172227 -1.13464
0.17418 -0.645881
0.176211 -0.145197
0.178164 0.359774
0.180196 0.834231
0.182149 1.04607
0.184102 2.18085
0.186133 2.51134
0.188087 3.02371
0.190118 3.58905
0.192071 4.14328
0.194024 4.74777
0.196055 5.30696
0.198009 5.90558
0.20004 6.25
0.201993 6.84574
0.203946 7.99587
0.205977 8.40167
0.207931 8.99437
0.209962 9.65671
0.211915 10.2432
0.213868 10.8917
0.215899 11.5169
0.217853 12.1606
0.219806 12.7552
0.221837 13.3622
0.22379 14.0203
0.225821 14.6645
0.227775 15.2872
0.229728 15.92
0.231759 16.547
0.233712 17.1798
0.235744 17.7963
0.237697 18.3829
0.23965 18.9932
0.241681 19.5931
0.243634 20.1762
0.245665 20.7346
0.247618 21.2973
0.249571 21.8624
0.251602 22.4222
0.253555 22.9481
0.255587 23.4502
0.25754 23.9619
0.259493 24.4258
0.261524 24.8979
0.263477 25.3771
0.26543 25.7982
0.267462 26.2583
0.269415 26.6508
0.271446 27.0609
0.273399 27.4562
0.275352 27.8033
0.277384 28.1342
0.279337 28.4594
0.281368 28.7598
0.283321 29.0989
0.285275 29.322
0.287306 29.5767
0.289259 29.8022
0.29129 30.0344
0.293243 30.2304
0.295197 30.3901
0.297228 30.5432
0.299181 30.6419
0.301134 30.7668
0.303165 30.8808
0.305119 30.9538
0.30715 31.031
0.309103 31.0782
0.311056 31.1121
0.313087 31.1416
0.315041 31.1392
0.317072 31.1097
0.319025 31.0706
0.320978 31.02
0.323009 30.9766
0.324963 30.8984
0.326994 30.8026
0.328947 30.6958
0.3309 30.5999
0.332931 30.4807
0.334884 30.3401
0.336915 30.1999
0.338868 30.0177
0.340821 29.8818
0.342853 29.6968
0.344806 29.5285
0.346759 29.3564
0.34879 29.1651
0.350743 28.9701
0.352775 28.7703
0.354728 28.5538
0.356681 28.3679
0.358712 28.1299
0.360665 27.923
0.362697 27.7017
0.36465 27.4829
0.366603 27.2626
0.368634 27.0337
0.370587 26.8
0.372619 26.5897
0.374572 26.3475
0.376525 26.1286
0.378556 25.8702
0.380509 25.6523
0.382541 25.4262
0.384494 25.1978
0.386447 24.9761
0.388478 24.7606
0.390431 24.5384
0.392385 24.3109
0.394416 24.0873
0.396369 23.867
0.3984 23.6534
0.400353 23.4383
0.402307 23.2223
0.404338 23.013
0.406291 22.8041
0.408322 22.5986
0.410275 22.4012
0.412229 22.1909
0.414259 21.9959
0.416212 21.7923
0.418243 21.5948
0.420197 21.4103
0.42215 21.221
0.424181 21.0288
0.426134 20.8495
0.428087 20.6669
0.430119 20.4986
0.432072 20.3098
0.434103 20.1367
0.436056 19.9669
0.438009 19.8024
0.440041 19.6331
0.441994 19.4686
0.444025 19.3041
0.445978 19.1487
0.447931 18.9889
0.449963 18.8416
0.451916 18.6823
0.453947 18.5335
0.4559 18.3848
0.457853 18.2474
0.459885 18.0877
0.461838 17.9513
0.463869 17.8135
0.465822 17.6757
0.467775 17.5451
0.469807 17.412
0.47176 17.2785
0.473713 17.1483
0.475744 17.0158
0.477697 16.8951
0.479729 16.7764
0.481682 16.6529
0.483635 16.5318
0.485666 16.4111
0.487619 16.3
0.489651 16.1822
0.491604 16.0688
0.493557 15.9615
0.495588 15.8461
0.497541 15.7397
0.499572 15.632
0.501525 15.5242
0.503478 15.4284
0.505509 15.3206
0.507463 15.2243
0.509494 15.1208
0.511447 15.0202
0.5134 14.9263
0.515431 14.8342
0.517385 14.7393
0.519338 14.6478
0.521369 14.5534
0.523322 14.4656
0.525353 14.375
0.527307 14.2892
0.52926 14.1976
0.531291 14.1156
0.533244 14.0327
0.535275 13.9502
0.537229 13.861
0.539182 13.7814
0.541213 13.7017
0.543166 13.6226
0.545197 13.5444
0.547151 13.47
0.549104 13.397
0.551135 13.3231
0.553088 13.2435
0.555041 13.1705
0.557073 13.1019
0.559026 13.0227
0.561057 12.9598
0.56301 12.8835
0.564963 12.8181
0.566995 12.7533
0.568948 12.6799
0.570979 12.615
0.572932 12.5511
0.574885 12.4858
0.576917 12.4252
0.57887 12.3551
0.580901 12.2974
0.582854 12.2326
0.584807 12.1701
0.586838 12.1148
0.588791 12.0523
0.590822 11.9956
0.592775 11.9422
0.594728 11.8769
0.59676 11.823
0.598713 11.7653
0.600666 11.7095
0.602697 11.6542
0.60465 11.6055
0.606682 11.5483
0.608635 11.4963
0.610588 11.4396
0.612619 11.3833
0.614573 11.3419
0.616604 11.2904
0.618557 11.236
0.62051 11.1845
0.622541 11.1368
0.624495 11.0934
0.626526 11.0429
0.628479 10.9971
0.630432 10.9508
0.632463 10.9027
0.634417 10.8564
0.636448 10.8102
0.638401 10.7644
0.640354 10.7248
0.642385 10.6805
0.644339 10.6366
0.646292 10.597
0.648323 10.5498
0.650276 10.5098
0.652308 10.4673
0.654261 10.4287
0.656214 10.3891
0.658245 10.3419
0.660198 10.3023
0.66223 10.2656
0.664183 10.2342
0.666136 10.1936
0.668166 10.1502
0.67012 10.1154
0.672151 10.0768
0.674104 10.0425
0.676057 10.001
0.678088 9.96999
0.680041 9.93184
0.681994 9.9018
0.684026 9.86508
0.685979 9.83171
0.68801 9.79642
0.689963 9.76304
0.691916 9.73538
0.693948 9.70057
0.695901 9.66577
0.697932 9.63429
0.699885 9.60759
0.697932 9.35391
0.695901 9.20895
0.693948 9.08402
0.691916 8.96672
