0.689963 8.29438
0.68801 8.19901
0.685979 8.11747
0.684026 8.0364
0.681994 7.96631
0.680041 7.88954
0.678088 7.82087
0.676057 7.75126
0.674104 7.69308
0.672151 7.62823
0.67012 7.56577
0.668166 7.50473
0.666136 7.45371
0.664183 7.39267
0.66223 7.33879
0.660198 7.28252
0.658245 7.23293
0.656214 7.18191
0.654261 7.12946
0.652308 7.08178
0.650276 7.03362
0.648323 6.97973
0.646292 6.93586
0.644339 6.88818
0.642385 6.84192
0.640354 6.7971
0.638401 6.75228
0.636448 6.70745
0.634417 6.67169
0.632463 6.62258
0.630432 6.5768
0.628479 6.54294
0.626526 6.49574
0.624495 6.45568
0.622541 6.41181
0.62051 6.37367
0.618557 6.33838
0.616604 6.30643
0.614573 6.26018
0.612619 6.22156
0.610588 6.18341
0.608635 6.14479
0.606682 6.10664
0.60465 6.07278
0.602697 6.03511
0.600666 6.00173
0.598713 5.96359
0.59676 5.92973
0.594728 5.89302
0.592775 5.86202
0.590822 5.82387
0.588791 5.78811
0.586838 5.75569
0.584807 5.72803
0.582854 5.69131
0.580901 5.65269
0.57887 5.62455
0.576917 5.59928
0.574885 5.56304
0.572932 5.52966
0.570979 5.49724
0.568948 5.46958
0.566995 5.43763
0.564963 5.40139
0.56301 5.36992
0.561057 5.33702
0.559026 5.31175
0.557073 5.28028
0.555041 5.24833
0.553088 5.21543
0.551135 5.19349
0.549104 5.16011
0.547151 5.13103
0.545197 5.10098
0.543166 5.06999
0.541213 5.04376
0.539182 5.01372
0.537229 4.99274
0.535275 4.96032
0.533244 4.92885
0.531291 4.89976
0.52926 4.87306
0.527307 4.8454
0.525353 4.81774
0.523322 4.79152
0.521369 4.76148
0.519338 4.73811
0.517385 4.70616
0.515431 4.67994
0.5134 4.65133
0.511447 4.62558
0.509494 4.60031
0.507463 4.5736
0.505509 4.54356
0.503478 4.52163
0.501525 4.48873
0.499572 4.46727
0.497541 4.44009
0.495588 4.411
0.493557 4.38716
0.491604 4.35473
0.489651 4.33327
0.487619 4.30943
0.485666 4.27796
0.483635 4.2565
0.481682 4.22741
0.479729 4.20023
0.477697 4.17639
0.475744 4.14874
0.473713 4.12394
0.47176 4.09771
0.469807 4.07101
0.467775 4.04812
0.465822 4.01522
0.463869 3.98947
0.461838 3.96182
0.459885 3.93559
0.457853 3.91747
0.4559 3.88552
0.453947 3.86454
0.451916 3.8345
0.449963 3.8097
0.447931 3.78014
0.445978 3.75296
0.444025 3.72578
0.441994 3.69812
0.440041 3.67381
0.438009 3.6471
0.436056 3.61277
0.434103 3.59179
0.432072 3.56175
0.430119 3.53838
0.428087 3.50548
0.426134 3.47544
0.424181 3.44922
0.42215 3.41631
0.420197 3.392
0.418243 3.35289
0.416212 3.32953
0.414259 3.30569
0.412229 3.27565
0.410275 3.24561
0.408322 3.20603
0.406291 3.17742
0.404338 3.14499
0.402307 3.11399
0.400353 3.08157
0.3984 3.04867
0.396369 3.01434
0.394416 2.98048
0.392385 2.94949
0.390431 2.91086
0.388478 2.87653
0.386447 2.83314
0.384494 2.79642
0.382541 2.76114
0.380509 2.71441
0.378556 2.67673
0.376525 2.64765
0.374572 2.59615
0.372619 2.55848
0.370587 2.50603
0.368634 2.46359
0.366603 2.41257
0.36465 2.36774
0.362697 2.31529
0.360665 2.26427
0.358712 2.20848
0.356681 2.1608
0.354728 2.09118
0.352775 2.04254
0.350743 1.97912
0.34879 1.91618
0.346759 1.84608
0.344806 1.77694
0.342853 1.71018
0.340821 1.6377
0.338868 1.55664
0.336915 1.48988
0.334884 1.40167
0.332931 1.32204
0.3309 1.22715
0.328947 1.12987
0.326994 1.03784
0.324963 0.934844
0.323009 0.82994
0.320978 0.799873
0.319025 0.603267
0.317072 0.444676
0.315041 0.33858
0.313087 0.213457
0.311056 0.0753646
0.309103 -0.0602961
0.30715 -0.216509
0.305119 -0.37439
0.303165 -0.529077
0.301134 -0.712851
0.299181 -0.883797
0.297228 -1.05732
0.295197 -1.24929
0.293243 -1.4416
0.29129 -1.666
0.289259 -1.88936
0.287306 -2.11781
0.285275 -2.35575
0.283321 -2.5875
0.281368 -2.87484
0.279337 -3.13848
0.277384 -3.4233
0.275352 -3.70912
0.273399 -4.01095
0.271446 -4.34283
0.269415 -4.6811
0.267462 -5.00741
0.26543 -5.38201
0.263477 -5.73349
0.261524 -6.12664
0.259493 -6.29547
0.25754 -7.1471
0.255587 -7.38552
0.253555 -7.79512
0.251602 -8.24669
0.249571 -8.72305
0.247618 -9.2018
0.245665 -9.68722
0.243634 -10.1846
0.241681 -10.7053
0.23965 -11.257
0.237697 -11.7987
0.235744 -12.347
0.233712 -12.9264
0.231759 -13.5348
0.229728 -14.1309
0.227775 -14.7551
0.225821 -15.3692
0.22379 -16.0177
0.221837 -16.6743
0.219806 -17.3057
0.217853 -17.9275
0.215899 -18.6103
0.213868 -19.2955
0.211915 -19.9955
0.209962 -20.6493
0.207931 -21.4008
0.205977 -22.0884
0.203946 -22.8055
0.201993 -23.5074
0.20004 -24.2108
0.198009 -24.9284
0.196055 -25.6403
0.194024 -26.3313
0.192071 -27.0804
0.190118 -27.7642
0.188087 -28.4747
0.186133 -29.1561
0.184102 -29.8556
0.182149 -30.5384
0.180196 -31.2017
0.178164 -31.8011
0.176211 -32.4487
0.17418 -33.1
0.172227 -33.7256
0.170274 -34.3255
0.168242 -34.9039
0.166289 -35.4828
0.164336 -36.0569
0.162305 -36.5843
0.160352 -37.095
0.158321 -37.5966
0.156368 -38.0539
0.154415 -38.5446
0.152384 -38.9813
0.150431 -39.4057
0.148399 -39.8139
0.146446 -40.1391
0.144493 -40.5315
0.142462 -40.8653
0.140509 -41.1719
0.138477 -41.3946
0.136524 -41.6125
0.134571 -41.9006
0.13254 -42.1209
0.130587 -42.3183
0.128633 -42.4737
0.126602 -42.6168
0.124649 -42.7703
0.122618 -42.8795
0.120665 -42.9391
0.118711 -43.0268
0.11668 -43.044
0.114727 -43.0993
0.112696 -43.1041
0.110743 -43.1103
0.108789 -43.0855
0.106758 -43.0445
0.104805 -42.9692
0.102774 -42.9296
0.100821 -42.8452
0.0988674 -42.7221
0.0968361 -42.6077
0.094883 -42.5014
0.0928516 -42.3817
0.0908985 -42.2444
0.0889454 -42.0884
0.0869141 -41.9273
0.0849609 -41.7732
0.0830078 -41.5978
0.0809765 -41.4251
0.0790234 -41.2263
0.076993 -41.0527
0.0750389 -40.862
0.0730858 -40.6598
0.0710554 -40.4662
0.0691023 -40.2583
0.067071 -40.0518
0.0651178 -39.8449
0.0631647 -39.617
0.0611334 -39.4162
0.0591803 -39.1592
0.0571489 -38.9604
0.0551958 -38.7363
0.0532427 -38.5279
0.0512114 -38.3123
0.0492582 -38.0968
0.0472269 -37.8698
0.0452738 -37.671
0.0433207 -37.4383
0.0412893 -37.2304
0.0393362 -37.0025
0.0373831 -36.8051
0.0353518 -36.5981
0.0333986 -36.3816
0.0313673 -36.1589
0.0294142 -35.9615
0.0274611 -35.7613
0.0254297 -35.56
0.0234766 -35.3483
0.0214453 -35.1514
0.0194921 -34.9368
0.017539 -34.7542
0.0155077 -34.5539
0.0135546 -34.3703
0.0115232 -34.1805
0.00957012 -33.9855
0.007617 -33.8053
0.00558567 -33.6264
0.00363255 -33.4395
0.00167942 -33.2655
-0.000351906 -33.0809
-0.00230503 -32.9193
-0.00433636 -32.741
-0.00628948 -32.5755
-0.00824261 -32.4076
-0.010273 -32.2303
-0.0122261 -32.0786
-0.0142574 -31.9194
-0.0162106 -31.7568
-0.0181637 -31.5961
-0.020195 -31.4239
-0.0221481 -31.2833
-0.0241795 -31.1431
-0.0261326 -30.9805
-0.0280857 -30.8388
-0.030117 -30.6863
-0.0320702 -30.5575
-0.0341015 -30.4116
-0.0360546 -30.2743
-0.0380077 -30.1293
-0.0400391 -29.9939
-0.0419922 -29.8566
-0.0439453 -29.735
-0.0459766 -29.6005
-0.0479298 -29.4717
-0.0499611 -29.3363
-0.0519142 -29.219
-0.0538673 -29.096
-0.0558987 -28.9768
-0.0578518 -28.8442
-0.0598831 -28.7226
-0.0618362 -28.6077
-0.0637894 -28.4861
-0.0658207 -28.3803
-0.0677738 -28.263
-0.0698051 -28.1514
-0.0717583 -28.0465
-0.0737114 -27.9273
-0.0757427 -27.8309
-0.0776958 -27.7208
-0.0797272 -27.613
-0.0816803 -27.5158
-0.0836334 -27.4142
-0.0856647 -27.3169
-0.0876179 -27.2096
-0.089571 -27.1176
-0.0916023 -27.0217
-0.0935555 -26.9188
-0.0955858 -26.8282
-0.0975389 -26.7376
-0.0994921 -26.6265
-0.0975389 -26.0728
-0.0955858 -25.6947
-0.0935555 -25.3809
-0.0916023 -25.1111
-0.089571 -24.8536
-0.0876179 -24.6223
-0.0856647 -24.3996
-0.0836334 -24.1869
-0.0816803 -23.9953
-0.0797272 -23.7926
-0.0776958 -23.6081
-0.0757427 -23.4335
-0.0737114 -23.2514
-0.0717583 -23.0902
-0.0698051 -22.92
-0.0677738 -22.7593
-0.0658207 -22.6034
-0.0637894 -22.447
-0.0618362 -22.2963
-0.0598831 -22.1461
-0.0578518 -22.0025
-0.0558987 -21.8657
-0.0538673 -21.7193
-0.0519142 -21.5858
-0.0499611 -21.4413
-0.0479298 -21.3106
-0.0459766 -21.1786
-0.0439453 -21.0474
-0.0419922 -20.9044
-0.0400391 -20.7861
-0.0380077 -20.6574
-0.0360546 -20.531
-0.0341015 -20.4099
-0.0320702 -20.2864
-0.030117 -20.1562
-0.0280857 -20.048
-0.0261326 -19.9216
-0.0241795 -19.8148
-0.0221481 -19.6832
-0.020195 -19.564
-0.0181637 -19.4739
-0.0162106 -19.348
-0.0142574 -19.2397
-0.0122261 -19.1186
-0.010273 -19.0032
-0.00824261 -18.9007
-0.00628948 -18.782
-0.00433636 -18.6733
-0.00230503 -18.5602
-0.000351906 -18.4448
0.00167942 -18.3385
0.00363255 -18.2327
0.00558567 -18.1273
0.007617 -18.0219
0.00957012 -17.9084
0.0115232 -17.8025
0.0135546 -17.6905
0.0155077 -17.5908
0.017539 -17.4802
0.0194921 -17.3648
0.0214453 -17.2651
0.0234766 -17.1617
0.0254297 -17.0544
0.0274611 -16.9438
0.0294142 -16.8317
0.0313673 -16.7144
0.0333986 -16.62
0.0353518 -16.5065
0.0373831 -16.3935
0.0393362 -16.2848
0.0412893 -16.1765
0.0433207 -16.0626
0.0452738 -15.9634
0.0472269 -15.8337
0.0492582 -15.7293
0.0512114 -15.6124
0.0532427 -15.4937
0.0551958 -15.3812
0.0571489 -15.2672
0.0591803 -15.1446
0.0611334 -15.0478
0.0631647 -14.9057
0.0651178 -14.7951
0.067071 -14.6669
0.0691023 -14.5386
0.0710554 -14.4165
0.0730858 -14.2744
0.0750389 -14.149
0.076993 -14.0107
0.0790234 -13.8648
0.0809765 -13.7365
0.0830078 -13.5954
0.0849609 -13.4562
0.0869141 -13.3021
0.0889454 -13.1472
0.0908985 -13.007
0.0928516 -12.8458
0.094883 -12.6765
0.0968361 -12.5139
0.0988674 -12.3494
0.100821 -12.1964
0.102774 -12.0113
0.104805 -11.8134
0.106758 -11.6389
0.108789 -11.451
0.110743 -11.257
0.112696 -11.0481
0.114727 -10.8426
0.11668 -10.6213
0.118711 -10.412
0.120665 -10.176
0.122618 -9.9595
0.124649 -9.70725
0.126602 -9.45882
0.128633 -9.20704
0.130587 -8.94669
0.13254 -8.67966
0.134571 -8.39976
0.136524 -8.07932
0.138477 -7.81658
0.140509 -7.54478
0.142462 -7.22387
0.144493 -6.89486
0.146446 -6.54485
0.148399 -6.21345
0.150431 -5.8563
0.152384 -5.49104
0.154415 -5.10957
0.156368 -4.71141
0.158321 -4.33136
0.160352 -3.9251
0.162305 -3.5112
0.164336 -3.09063
0.166289 -2.64002
0.168242 -2.18941
0.170274 -1.7283
0.172227 -1.26338
0.17418 -0.777965
0.176211 -0.276327
0.178164 0.22912
0.180196 0.697379
0.182149 1.2281
0.184102 1.44923
0.186133 2.61935
0.188087 2.91499
0.190118 3.46669
0.192071 4.00981
0.194024 4.62035
0.196055 5.18074
0.198009 5.77392
0.20004 6.25
0.201993 6.7127
0.203946 7.87142
0.205977 8.27244
0.207931 8.86324
0.209962 9.52653
0.211915 10.1078
0.213868 10.7582
0.215899 11.3781
0.217853 12.0223
0.219806 12.605
0.221837 13.2282
0.22379 13.8691
0.225821 14.5171
0.227775 15.1361
0.229728 15.7765
0.231759 16.3983
0.233712 17.0267
0.235744 17.6466
0.237697 18.2312
0.23965 18.832
0.241681 19.4314
0.243634 20.0089
0.245665 20.5715
0.247618 21.1275
0.249571 21.6897
0.251602 22.2467
0.253555 22.7812
0.255587 23.28
0.25754 23.7835
0.259493 24.2442
0.261524 24.7134
0.263477 25.1959
0.26543 25.6151
0.267462 26.0705
0.269415 26.4548
0.271446 26.8668
0.273399 27.2654
0.275352 27.6068
0.277384 27.9382
0.279337 28.2563
0.281368 28.5505
0.283321 28.8857
0.285275 29.1055
0.287306 29.3645
0.289259 29.5871
0.29129 29.8117
0.293243 30.0149
0.295197 30.1722
0.297228 30.3172
0.299181 30.4154
0.301134 30.5356
0.303165 30.6576
0.305119 30.7258
0.30715 30.7826
0.309103 30.8469
0.311056 30.8679
0.313087 30.8999
0.315041 30.8942
0.317072 30.8651
0.319025 30.8288
0.320978 30.7783
0.323009 30.7225
0.324963 30.6438
0.326994 30.5494
0.328947 30.4464
0.3309 30.3434
0.332931 30.2213
0.334884 30.0783
0.336915 29.9433
0.338868 29.7531
0.340821 29.6191
0.342853 29.4417
0.344806 29.2696
0.346759 29.0855
0.34879 28.8948
0.350743 28.7026
0.352775 28.5081
0.354728 28.293
0.356681 28.098
0.358712 27.8596
0.360665 27.6559
0.362697 27.4356
0.36465 27.2168
0.366603 26.9965
0.368634 26.7681
0.370587 26.544
0.372619 26.3218
0.374572 26.079
0.376525 25.8583
0.378556 25.6027
0.380509 25.3867
0.382541 25.163
0.384494 24.9308
0.386447 24.711
0.388478 24.494
0.390431 24.2694
0.392385 24.0458
0.394416 23.8245
0.396369 23.6076
0.3984 23.3925
0.400353 23.1803
0.402307 22.9586
0.404338 22.755
0.406291 22.5428
0.408322 22.3459
0.410275 22.1432
0.412229 21.9344
0.414259 21.7327
0.416212 21.5438
0.418243 21.3397
0.420197 21.1504
0.42215 20.9668
0.424181 20.778
0.426134 20.5997
0.428087 20.4156
0.430119 20.2497
0.432072 20.057
0.434103 19.8892
0.436056 19.7132
0.438009 19.5521
0.440041 19.3852
0.441994 19.2183
0.444025 19.0576
0.445978 18.9026
0.447931 18.7429
0.449963 18.5984
0.451916 18.4425
0.453947 18.2894
0.4559 18.1421
0.457853 18.0004
0.459885 17.8483
0.461838 17.7096
0.463869 17.5722
0.465822 17.433
0.467775 17.3042
0.469807 17.1726
0.47176 17.0415
0.473713 16.909
0.475744 16.7845
0.477697 16.6586
0.479729 16.538
0.481682 16.4135
0.483635 16.2972
0.485666 16.1808
0.487619 16.0649
0.489651 15.9491
0.491604 15.837
0.493557 15.7288
0.495588 15.6139
0.497541 15.5104
0.499572 15.4026
0.501525 15.2977
0.503478 15.1985
0.505509 15.0908
0.507463 14.9935
0.509494 14.8948
0.511447 14.798
0.5134 14.6988
0.515431 14.6058
0.517385 14.5138
0.519338 14.4241
0.521369 14.3259
0.523322 14.2415
0.525353 14.1476
0.527307 14.0641
0.52926 13.975
0.531291 13.892
0.533244 13.8095
0.535275 13.7299
0.537229 13.6421
0.539182 13.5582
0.541213 13.479
0.543166 13.4047
0.545197 13.3255
0.547151 13.2535
0.549104 13.1772
0.551135 13.1014
0.553088 13.0227
0.555041 12.9512
0.557073 12.8844
0.559026 12.8105
0.561057 12.738
0.56301 12.6722
0.564963 12.6045
0.566995 12.5421
0.568948 12.4691
0.570979 12.4004
0.572932 12.3408
0.574885 12.276
0.576917 12.2121
0.57887 12.1425
0.580901 12.0819
0.582854 12.0233
0.584807 11.9651
0.586838 11.905
0.588791 11.8449
0.590822 11.7853
0.592775 11.7319
0.594728 11.6699
0.59676 11.6165
0.598713 11.5602
0.600666 11.5083
0.602697 11.4506
0.60465 11.3962
0.606682 11.3471
0.608635 11.2951
0.610588 11.2369
0.612619 11.1859
0.614573 11.1373
0.616604 11.0882
0.618557 11.0386
0.62051 10.979
0.622541 10.9365
0.624495 10.8898
0.626526 10.8426
0.628479 10.7964
0.630432 10.7511
0.632463 10.7038
0.634417 10.6552
0.636448 10.6113
0.638401 10.5665
0.640354 10.525
0.642385 10.4792
0.644339 10.4335
0.646292 10.3948
0.648323 10.3567
0.650276 10.3133
0.652308 10.2671
0.654261 10.2318
0.656214 10.1898
0.658245 10.1488
0.660198 10.1068
0.66223 10.0739
0.664183 10.0296
0.666136 10.0005
0.668166 9.95711
0.67012 9.92135
0.672151 9.88654
0.674104 9.84601
0.676057 9.81025
0.678088 9.77735
0.680041 9.74587
0.681994 9.71059
0.684026 9.67292
0.685979 9.63525
0.68801 9.60282
0.689963 9.57183
0.691916 9.53988
0.693948 9.50746
0.695901 9.47408
0.697932 9.44451
0.699885 9.4159
0.697932 9.16365
0.695901 9.01726
0.693948 8.89472
0.691916 8.78457
