0.689963 7.2892
0.68801 7.20003
0.685979 7.11325
0.684026 7.04458
0.681994 6.9702
0.680041 6.89772
0.678088 6.83477
0.676057 6.76754
0.674104 6.70888
0.672151 6.64546
0.67012 6.59206
0.668166 6.53198
0.666136 6.47571
0.664183 6.41849
0.66223 6.36652
0.660198 6.31883
0.658245 6.26638
0.656214 6.2206
0.654261 6.16577
0.652308 6.11999
0.650276 6.07946
0.648323 6.02844
0.646292 5.98123
0.644339 5.93641
0.642385 5.89063
0.640354 5.85344
0.638401 5.811
0.636448 5.76713
0.634417 5.72469
0.632463 5.68702
0.630432 5.65031
0.628479 5.60309
0.626526 5.56495
0.624495 5.52775
0.622541 5.48579
0.62051 5.45289
0.618557 5.41284
0.616604 5.37993
0.614573 5.34179
0.612619 5.3065
0.610588 5.26788
0.608635 5.23831
0.606682 5.19635
0.60465 5.1625
0.602697 5.12864
0.600666 5.09479
0.598713 5.06045
0.59676 5.02755
0.594728 4.99322
0.592775 4.96413
0.590822 4.9298
0.588791 4.89785
0.586838 4.86781
0.584807 4.83443
0.582854 4.80439
0.580901 4.76863
0.57887 4.74288
0.576917 4.7219
0.574885 4.68328
0.572932 4.65228
0.570979 4.62033
0.568948 4.5922
0.566995 4.56788
0.564963 4.53307
0.56301 4.50446
0.561057 4.47585
0.559026 4.44676
0.557073 4.42101
0.555041 4.3905
0.553088 4.36141
0.551135 4.33566
0.549104 4.308
0.547151 4.27939
0.545197 4.25221
0.543166 4.22265
0.541213 4.19642
0.539182 4.17019
0.537229 4.14874
0.535275 4.12251
0.533244 4.09104
0.531291 4.06481
0.52926 4.03716
0.527307 4.01665
0.525353 3.98709
0.523322 3.95943
0.521369 3.93321
0.519338 3.91366
0.517385 3.88552
0.515431 3.86073
0.5134 3.83307
0.511447 3.80923
0.509494 3.78777
0.507463 3.76488
0.505509 3.73198
0.503478 3.71624
0.501525 3.68287
0.499572 3.65902
0.497541 3.639
0.495588 3.61134
0.493557 3.59131
0.491604 3.56652
0.489651 3.53934
0.487619 3.51407
0.485666 3.49022
0.483635 3.46591
0.481682 3.44397
0.479729 3.4187
0.477697 3.3939
0.475744 3.36958
0.473713 3.34527
0.47176 3.32238
0.469807 3.2971
0.467775 3.27422
0.465822 3.24894
0.463869 3.22892
0.461838 3.20508
0.459885 3.1779
0.457853 3.15644
0.4559 3.13117
0.453947 3.10923
0.451916 3.08109
0.449963 3.06154
0.447931 3.03627
0.445978 3.01004
0.444025 2.98191
0.441994 2.95998
0.440041 2.93756
0.438009 2.91134
0.436056 2.88559
0.434103 2.8627
0.432072 2.83648
0.430119 2.81454
0.428087 2.78212
0.426134 2.76161
0.424181 2.7268
0.42215 2.70153
0.420197 2.68341
0.418243 2.65242
0.416212 2.63048
0.414259 2.60187
0.412229 2.57421
0.410275 2.54942
0.408322 2.51556
0.406291 2.48743
0.404338 2.46168
0.402307 2.42973
0.400353 2.40065
0.3984 2.36965
0.396369 2.34056
0.394416 2.31291
0.392385 2.28001
0.390431 2.2452
0.388478 2.21325
0.386447 2.17796
0.384494 2.14315
0.382541 2.10882
0.380509 2.07163
0.378556 2.03157
0.376525 2.00439
0.374572 1.961
0.372619 1.92619
0.370587 1.87469
0.368634 1.83368
0.366603 1.79363
0.36465 1.7469
0.362697 1.7016
0.360665 1.65296
0.358712 1.60146
0.356681 1.55569
0.354728 1.49513
0.352775 1.44411
0.350743 1.38546
0.34879 1.3268
0.346759 1.26195
0.344806 1.1952
0.342853 1.12892
0.340821 1.06597
0.338868 0.988727
0.336915 0.918632
0.334884 0.907401
0.332931 0.759241
0.3309 0.645473
0.328947 0.56546
0.326994 0.482299
0.324963 0.3855
0.323009 0.284315
0.320978 0.180793
0.319025 0.0683551
0.317072 -0.0437498
0.315041 -0.161481
0.313087 -0.285841
0.311056 -0.428273
0.309103 -0.56298
0.30715 -0.707748
0.305119 -0.862435
0.303165 -1.01836
0.301134 -1.1905
0.299181 -1.35911
0.297228 -1.5312
0.295197 -1.71097
0.293243 -1.90771
0.29129 -2.12458
0.289259 -2.3444
0.287306 -2.56585
0.285275 -2.80603
0.283321 -3.0248
0.281368 -3.31234
0.279337 -3.57222
0.277384 -3.85026
0.275352 -4.13307
0.273399 -4.43448
0.271446 -4.76136
0.269415 -5.09347
0.267462 -5.41944
0.26543 -5.79104
0.263477 -6.13899
0.261524 -6.30882
0.259493 -7.16141
0.25754 -7.3469
0.255587 -7.75936
0.253555 -8.17183
0.251602 -8.62196
0.249571 -9.09451
0.247618 -9.57421
0.245665 -10.0687
0.243634 -10.5589
0.241681 -11.0782
0.23965 -11.6203
0.237697 -12.1701
0.235744 -12.7151
0.233712 -13.2897
0.231759 -13.8915
0.229728 -14.4914
0.227775 -15.1079
0.225821 -15.7293
0.22379 -16.3782
0.221837 -17.032
0.219806 -17.6643
0.217853 -18.2818
0.215899 -18.9718
0.213868 -19.6532
0.211915 -20.3622
0.209962 -21.0098
0.207931 -21.7617
0.205977 -22.4598
0.203946 -23.1718
0.201993 -23.8794
0.20004 -24.587
0.198009 -25.3051
0.196055 -26.0185
0.194024 -26.7056
0.192071 -27.4652
0.190118 -28.1528
0.188087 -28.8752
0.186133 -29.5409
0.184102 -30.2561
0.182149 -30.9433
0.180196 -31.6142
0.178164 -32.215
0.176211 -32.8659
0.17418 -33.5215
0.172227 -34.1553
0.170274 -34.7623
0.168242 -35.3412
0.166289 -35.9291
0.164336 -36.5123
0.162305 -37.0425
0.160352 -37.5594
0.158321 -38.0663
0.156368 -38.5369
0.154415 -39.029
0.152384 -39.472
0.150431 -39.9131
0.148399 -40.3141
0.146446 -40.657
0.144493 -41.0489
0.142462 -41.3875
0.140509 -41.6936
0.138477 -41.9316
0.136524 -42.1504
0.134571 -42.4513
0.13254 -42.6716
0.130587 -42.87
0.128633 -43.0383
0.126602 -43.1894
0.124649 -43.3373
0.122618 -43.4536
0.120665 -43.5199
0.118711 -43.6143
0.11668 -43.6448
0.114727 -43.6987
0.112696 -43.7111
0.110743 -43.7159
0.108789 -43.6949
0.106758 -43.652
0.104805 -43.5938
0.102774 -43.5499
0.100821 -43.4679
0.0988674 -43.3501
0.0968361 -43.2457
0.094883 -43.1308
0.0928516 -43.0197
0.0908985 -42.8819
0.0889454 -42.725
0.0869141 -42.5815
0.0849609 -42.417
0.0830078 -42.2448
0.0809765 -42.0765
0.0790234 -41.8824
0.076993 -41.7008
0.0750389 -41.5172
0.0730858 -41.3126
0.0710554 -41.1252
0.0691023 -40.9135
0.067071 -40.7118
0.0651178 -40.5063
0.0631647 -40.2745
0.0611334 -40.0728
0.0591803 -39.8254
0.0571489 -39.6227
0.0551958 -39.4048
0.0532427 -39.1854
0.0512114 -38.9747
0.0492582 -38.762
0.0472269 -38.5307
0.0452738 -38.3371
0.0433207 -38.0973
0.0412893 -37.8932
0.0393362 -37.6753
0.0373831 -37.465
0.0353518 -37.2519
0.0333986 -37.0416
0.0313673 -36.8232
0.0294142 -36.6262
0.0274611 -36.414
0.0254297 -36.2166
0.0234766 -36.0049
0.0214453 -35.8113
0.0194921 -35.5901
0.017539 -35.4051
0.0155077 -35.2119
0.0135546 -35.0193
0.0115232 -34.8309
0.00957012 -34.6331
0.007617 -34.4609
0.00558567 -34.2702
0.00363255 -34.0837
0.00167942 -33.9097
-0.000351906 -33.7204
-0.00230503 -33.5659
-0.00433636 -33.3852
-0.00628948 -33.2188
-0.00824261 -33.0433
-0.010273 -32.8683
-0.0122261 -32.7185
-0.0142574 -32.5578
-0.0162106 -32.3905
-0.0181637 -32.2374
-0.020195 -32.0505
-0.0221481 -31.916
-0.0241795 -31.7715
-0.0261326 -31.6099
-0.0280857 -31.4692
-0.030117 -31.3152
-0.0320702 -31.175
-0.0341015 -31.0282
-0.0360546 -30.8946
-0.0380077 -30.753
-0.0400391 -30.6209
-0.0419922 -30.4803
-0.0439453 -30.3506
-0.0459766 -30.2199
-0.0479298 -30.0935
-0.0499611 -29.9548
-0.0519142 -29.8318
-0.0538673 -29.7083
-0.0558987 -29.5852
-0.0578518 -29.4598
-0.0598831 -29.3363
-0.0618362 -29.2143
-0.0637894 -29.1017
-0.0658207 -28.9882
-0.0677738 -28.8695
-0.0698051 -28.7617
-0.0717583 -28.653
-0.0737114 -28.5319
-0.0757427 -28.4313
-0.0776958 -28.3154
-0.0797272 -28.2158
-0.0816803 -28.1156
-0.0836334 -28.004
-0.0856647 -27.9101
-0.0876179 -27.8061
-0.089571 -27.7089
-0.0916023 -27.614
-0.0935555 -27.511
-0.0955858 -27.4123
-0.0975389 -27.3174
-0.0994921 -27.2134
-0.0975389 -26.6613
-0.0955858 -26.2736
-0.0935555 -25.956
-0.0916023 -25.6837
-0.089571 -25.4215
-0.0876179 -25.1816
-0.0856647 -24.9656
-0.0836334 -24.7458
-0.0816803 -24.5503
-0.0797272 -24.3577
-0.0776958 -24.1674
-0.0757427 -23.9814
-0.0737114 -23.8055
-0.0717583 -23.6329
-0.0698051 -23.4717
-0.0677738 -23.3076
-0.0658207 -23.1527
-0.0637894 -22.9953
-0.0618362 -22.838
-0.0598831 -22.683
-0.0578518 -22.5418
-0.0558987 -22.4074
-0.0538673 -22.2515
-0.0519142 -22.1184
-0.0499611 -21.9692
-0.0479298 -21.8414
-0.0459766 -21.7045
-0.0439453 -21.5715
-0.0419922 -21.4318
-0.0400391 -21.3045
-0.0380077 -21.1824
-0.0360546 -21.056
-0.0341015 -20.9201
-0.0320702 -20.8042
-0.030117 -20.6803
-0.0280857 -20.5625
-0.0261326 -20.4337
-0.0241795 -20.3236
-0.0221481 -20.1991
-0.020195 -20.0737
-0.0181637 -19.976
-0.0162106 -19.8592
-0.0142574 -19.7361
-0.0122261 -19.6269
-0.010273 -19.502
-0.00824261 -19.3971
-0.00628948 -19.2846
-0.00433636 -19.1696
-0.00230503 -19.0557
-0.000351906 -18.9336
0.00167942 -18.8378
0.00363255 -18.7262
0.00558567 -18.6141
0.007617 -18.504
0.00957012 -18.3857
0.0115232 -18.277
0.0135546 -18.1735
0.0155077 -18.0639
0.017539 -17.9594
0.0194921 -17.8483
0.0214453 -17.7425
0.0234766 -17.6333
0.0254297 -17.5317
0.0274611 -17.4154
0.0294142 -17.3052
0.0313673 -17.1846
0.0333986 -17.0849
0.0353518 -16.969
0.0373831 -16.8608
0.0393362 -16.7411
0.0412893 -16.6362
0.0433207 -16.5222
0.0452738 -16.4135
0.0472269 -16.2886
0.0492582 -16.1846
0.0512114 -16.0645
0.0532427 -15.94
0.0551958 -15.8241
0.0571489 -15.7059
0.0591803 -15.5862
0.0611334 -15.4861
0.0631647 -15.344
0.0651178 -15.2281
0.067071 -15.1027
0.0691023 -14.9682
0.0710554 -14.8395
0.0730858 -14.6988
0.0750389 -14.5681
0.076993 -14.4337
0.0790234 -14.2868
0.0809765 -14.1566
0.0830078 -14.005
0.0849609 -13.8686
0.0869141 -13.7117
0.0889454 -13.5592
0.0908985 -13.4051
0.0928516 -13.2487
0.094883 -13.0761
0.0968361 -12.9097
0.0988674 -12.749
0.100821 -12.5897
0.102774 -12.4043
0.104805 -12.2035
0.106758 -12.0252
0.108789 -11.833
0.110743 -11.6327
0.112696 -11.4263
0.114727 -11.2126
0.11668 -10.989
0.118711 -10.7816
0.120665 -10.546
0.122618 -10.3243
0.124649 -10.0735
0.126602 -9.81645
0.128633 -9.56182
0.130587 -9.30623
0.13254 -9.03347
0.134571 -8.75119
0.136524 -8.4236
0.138477 -8.16325
0.140509 -7.88191
0.142462 -7.56004
0.144493 -7.22816
0.146446 -6.87435
0.148399 -6.54342
0.150431 -6.18675
0.152384 -5.81434
0.154415 -5.43143
0.156368 -5.0266
0.158321 -4.64417
0.160352 -4.2422
0.162305 -3.82401
0.164336 -3.39772
0.166289 -2.94472
0.168242 -2.49458
0.170274 -2.03682
0.172227 -1.56618
0.17418 -1.06979
0.176211 -0.569582
0.178164 -0.068903
0.180196 0.413656
0.182149 0.937705
0.184102 1.15774
0.186133 2.33358
0.188087 2.62922
0.190118 3.1793
0.192071 3.72547
0.194024 4.33339
0.196055 4.89683
0.198009 5.48858
0.20004 6.09965
0.201993 6.41992
0.203946 7.57864
0.205977 7.99492
0.207931 8.57237
0.209962 9.23899
0.211915 9.82455
0.213868 10.4673
0.215899 11.092
0.217853 11.7276
0.219806 12.317
0.221837 12.9307
0.22379 13.5673
0.225821 14.2167
0.227775 14.8385
0.229728 15.4756
0.231759 16.0912
0.233712 16.7177
0.235744 17.3372
0.237697 17.9184
0.23965 18.5135
0.241681 19.1115
0.243634 19.6889
0.245665 20.2444
0.247618 20.8071
0.249571 21.3536
0.251602 21.9158
0.253555 22.4355
0.255587 22.9324
0.25754 23.4345
0.259493 23.8875
0.261524 24.3495
0.263477 24.8297
0.26543 25.2417
0.267462 25.6923
0.269415 26.0752
0.271446 26.4824
0.273399 26.8701
0.275352 27.2149
0.277384 27.532
0.279337 27.8481
0.281368 28.139
0.283321 28.4661
0.285275 28.6811
0.287306 28.931
0.289259 29.1542
0.29129 29.3678
0.293243 29.5676
0.295197 29.724
0.297228 29.8656
0.299181 29.9514
0.301134 30.0692
0.303165 30.1856
0.305119 30.2428
0.30715 30.3053
0.309103 30.3563
0.311056 30.3801
0.313087 30.4044
0.315041 30.3906
0.317072 30.3653
0.319025 30.3158
0.320978 30.2671
0.323009 30.2066
0.324963 30.1245
0.326994 30.0287
0.328947 29.9185
0.3309 29.8165
0.332931 29.6863
0.334884 29.5452
0.336915 29.4074
0.338868 29.2205
0.340821 29.076
0.342853 28.8967
0.344806 28.7264
0.346759 28.5438
0.34879 28.3521
0.350743 28.1561
0.352775 27.9535
0.354728 27.7437
0.356681 27.5463
0.358712 27.3164
0.360665 27.0995
0.362697 26.8787
0.36465 26.6617
0.366603 26.4391
0.368634 26.2073
0.370587 25.9865
0.372619 25.7672
0.374572 25.5254
0.376525 25.3042
0.378556 25.0481
0.380509 24.8292
0.382541 24.607
0.384494 24.3767
0.386447 24.1621
0.388478 23.9414
0.390431 23.7153
0.392385 23.4946
0.394416 23.2776
0.396369 23.0549
0.3984 22.8446
0.400353 22.6282
0.402307 22.4164
0.404338 22.2047
0.406291 22.0016
0.408322 21.7994
0.410275 21.6025
0.412229 21.3912
0.414259 21.1972
0.416212 21.0021
0.418243 20.8028
0.420197 20.6188
0.42215 20.4328
0.424181 20.2421
0.426134 20.0613
0.428087 19.8835
0.430119 19.7171
0.432072 19.5254
0.434103 19.3599
0.436056 19.1868
0.438009 19.0237
0.440041 18.8607
0.441994 18.6938
0.444025 18.5383
0.445978 18.3833
0.447931 18.2241
0.449963 18.0786
0.451916 17.9237
0.453947 17.7797
0.4559 17.6252
0.457853 17.4845
0.459885 17.34
0.461838 17.1974
0.463869 17.0639
0.465822 16.9285
0.467775 16.8007
0.469807 16.6724
0.47176 16.5375
0.473713 16.4078
0.475744 16.2824
0.477697 16.1608
0.479729 16.0387
0.481682 15.9186
0.483635 15.8013
0.485666 15.6849
0.487619 15.5714
0.489651 15.4555
0.491604 15.3483
0.493557 15.24
0.495588 15.1265
0.497541 15.0235
0.499572 14.9139
0.501525 14.807
0.503478 14.7164
0.505509 14.6111
0.507463 14.5109
0.509494 14.4165
0.511447 14.3192
0.5134 14.2205
0.515431 14.1261
0.517385 14.0331
0.519338 13.9478
0.521369 13.8524
0.523322 13.7637
0.525353 13.6784
0.527307 13.5973
0.52926 13.5105
0.531291 13.4223
0.533244 13.3436
0.535275 13.264
0.537229 13.1796
0.539182 13.0914
0.541213 13.0251
0.543166 12.9431
0.545197 12.8663
0.547151 12.791
0.549104 12.7161
0.551135 12.6431
0.553088 12.5664
0.555041 12.4944
0.557073 12.4271
0.559026 12.3532
0.561057 12.2855
0.56301 12.2202
0.564963 12.1491
0.566995 12.0867
0.568948 12.019
0.570979 11.9532
0.572932 11.8897
0.574885 11.8282
0.576917 11.7705
0.57887 11.699
0.580901 11.6351
0.582854 11.5788
0.584807 11.5211
0.586838 11.4601
0.588791 11.4019
0.590822 11.3447
0.592775 11.2904
0.594728 11.2298
0.59676 11.1778
0.598713 11.1239
0.600666 11.0734
0.602697 11.0128
0.60465 10.9618
0.606682 10.9098
0.608635 10.8602
0.610588 10.8097
0.612619 10.7553
0.614573 10.7034
0.616604 10.6585
0.618557 10.6028
0.62051 10.5555
0.622541 10.5107
0.624495 10.4649
0.626526 10.423
0.628479 10.3705
0.630432 10.3252
0.632463 10.2756
0.634417 10.2351
0.636448 10.1893
0.638401 10.145
0.640354 10.1073
0.642385 10.0577
0.644339 10.0201
0.646292 9.97476
0.648323 9.93232
0.650276 9.89655
0.652308 9.8565
0.654261 9.81072
0.656214 9.77496
0.658245 9.73443
0.660198 9.69914
0.66223 9.65861
0.664183 9.62047
0.666136 9.58756
0.668166 9.54703
0.67012 9.50984
0.672151 9.47217
0.674104 9.44451
0.676057 9.40637
0.678088 9.36774
0.680041 9.33293
0.681994 9.30336
0.684026 9.26474
0.685979 9.23136
0.68801 9.19655
0.689963 9.17176
0.691916 9.13838
0.693948 9.10405
0.695901 9.0721
0.697932 9.04206
0.699885 9.01011
0.697932 8.76978
0.695901 8.62053
0.693948 8.49703
0.691916 8.38688
