0.689963 0.207424
0.68801 0.183582
0.685979 0.174046
0.684026 0.15974
0.681994 0.154972
0.680041 0.107527
0.678088 0.101328
0.676057 0.0941753
0.674104 0.0879765
0.672151 0.0822544
0.67012 0.073648
0.668166 0.068212
0.666136 0.0651126
0.664183 0.0594378
0.66223 0.0554323
0.660198 0.0516176
0.658245 0.0482321
0.656214 0.0443697
0.654261 0.0414133
0.652308 0.0382185
0.650276 0.034976
0.648323 0.032115
0.646292 0.0282526
0.644339 0.0262022
0.642385 0.0222445
0.640354 0.0199556
0.638401 0.0166655
0.636448 0.0158548
0.634417 0.0124216
0.632463 0.00998974
0.630432 0.00727177
0.628479 0.00579357
0.626526 0.0033617
0.624495 0.000977516
0.622541 -0.00140667
0.62051 -0.00259876
0.618557 -0.00369549
0.616604 -0.005126
0.614573 -0.0074625
0.612619 -0.00998974
0.610588 -0.0120401
0.608635 -0.0129461
0.606682 -0.0150919
0.60465 -0.0161409
0.602697 -0.0180006
0.600666 -0.0193834
0.598713 -0.0219584
0.59676 -0.0225306
0.594728 -0.0251055
0.592775 -0.0255823
0.590822 -0.0281572
0.588791 -0.0291109
0.586838 -0.0300646
0.584807 -0.0320196
0.582854 -0.0333071
0.580901 -0.0345469
0.57887 -0.0360727
0.576917 -0.0358343
0.574885 -0.0384092
0.572932 -0.039506
0.570979 -0.0409365
0.568948 -0.0419378
0.566995 -0.0431299
0.564963 -0.0446558
0.56301 -0.0463724
0.561057 -0.0467539
0.559026 -0.0482321
0.557073 -0.049758
0.555041 -0.0501394
0.553088 -0.0516653
0.551135 -0.0525236
0.549104 -0.0542879
0.547151 -0.0543356
0.545197 -0.0560999
0.543166 -0.0580072
0.541213 -0.0595808
0.539182 -0.0597715
0.537229 -0.0600576
0.535275 -0.0612497
0.533244 -0.0636821
0.531291 -0.0637774
0.52926 -0.0651126
0.527307 -0.0658755
0.525353 -0.0675921
0.523322 -0.0672107
0.521369 -0.0695472
0.519338 -0.0699286
0.517385 -0.0715022
0.515431 -0.0722175
0.5134 -0.0735526
0.511447 -0.0736957
0.509494 -0.0759845
0.507463 -0.0763183
0.505509 -0.0777011
0.503478 -0.0778918
0.501525 -0.0797992
0.499572 -0.0805621
0.497541 -0.0805144
0.495588 -0.082088
0.493557 -0.0822787
0.491604 -0.0846152
0.489651 -0.0853782
0.487619 -0.0863318
0.485666 -0.0872378
0.483635 -0.0882869
0.481682 -0.0888591
0.479729 -0.0907187
0.477697 -0.0914817
0.475744 -0.093389
0.473713 -0.0932937
0.47176 -0.0949626
0.469807 -0.095201
0.467775 -0.0961547
0.465822 -0.0984435
0.463869 -0.0994925
0.461838 -0.100732
0.459885 -0.101543
0.457853 -0.102401
0.4559 -0.104023
0.453947 -0.10531
0.451916 -0.106597
0.449963 -0.107122
0.447931 -0.109458
0.445978 -0.109601
0.444025 -0.111175
0.441994 -0.112939
0.440041 -0.114656
0.438009 -0.116373
0.436056 -0.117994
0.434103 -0.118375
0.432072 -0.121332
0.430119 -0.121618
0.428087 -0.124193
0.426134 -0.125623
0.424181 -0.12734
0.42215 -0.129724
0.420197 -0.131822
0.418243 -0.133873
0.416212 -0.135112
0.414259 -0.137401
0.412229 -0.140024
0.410275 -0.142265
0.408322 -0.145174
0.406291 -0.148702
0.404338 -0.151802
0.402307 -0.154281
0.400353 -0.158287
0.3984 -0.161005
0.396369 -0.164199
0.394416 -0.168586
0.392385 -0.17345
0.390431 -0.176645
0.388478 -0.182081
0.386447 -0.187517
0.384494 -0.192476
0.382541 -0.197483
0.380509 -0.20392
0.378556 -0.210501
0.376525 -0.215031
0.374572 -0.222755
0.372619 -0.230528
0.370587 -0.239111
0.368634 -0.247789
0.366603 -0.256277
0.36465 -0.267197
0.362697 -0.27783
0.360665 -0.289274
0.358712 -0.301577
0.356681 -0.312592
0.354728 -0.329043
0.352775 -0.342633
0.350743 -0.358845
0.34879 -0.375296
0.346759 -0.393321
0.344806 -0.412776
0.342853 -0.434519
0.340821 -0.456168
0.338868 -0.48187
0.336915 -0.501801
0.334884 -0.53065
0.332931 -0.558164
0.3309 -0.589874
0.328947 -0.624921
0.326994 -0.658824
0.324963 -0.696161
0.323009 -0.736406
0.320978 -0.781324
0.319025 -0.828007
0.317072 -0.875119
0.315041 -0.92676
0.313087 -0.981502
0.311056 -1.04602
0.309103 -1.10882
0.30715 -1.17763
0.305119 -1.25006
0.303165 -1.32502
0.301134 -1.41013
0.299181 -1.49668
0.297228 -1.57917
0.295197 -1.67616
0.293243 -1.77839
0.29129 -1.89174
0.289259 -2.01371
0.287306 -2.13393
0.285275 -2.26596
0.283321 -2.39156
0.281368 -2.55574
0.279337 -2.70508
0.277384 -2.86626
0.275352 -3.0291
0.273399 -3.20524
0.271446 -3.40365
0.269415 -3.60393
0.267462 -3.80219
0.26543 -4.03232
0.263477 -4.24771
0.261524 -4.49199
0.259493 -4.72974
0.25754 -4.97202
0.255587 -5.24735
0.253555 -5.51424
0.251602 -5.80268
0.249571 -6.10962
0.247618 -6.42183
0.245665 -6.7332
0.243634 -7.05078
0.241681 -7.38552
0.23965 -7.73457
0.237697 -8.08933
0.235744 -8.43171
0.233712 -8.79982
0.231759 -9.18559
0.229728 -9.56086
0.227775 -9.95139
0.225821 -10.3314
0.22379 -10.7234
0.221837 -11.1235
0.219806 -11.4963
0.217853 -11.8559
0.215899 -12.2574
0.213868 -12.646
0.211915 -13.0513
0.209962 -13.3999
0.207931 -13.8238
0.205977 -14.179
0.203946 -14.5472
0.201993 -14.9019
0.20004 -15.2424
0.198009 -15.5781
0.196055 -15.9014
0.194024 -16.1966
0.192071 -16.5299
0.190118 -16.7964
0.188087 -17.0725
0.186133 -17.3128
0.184102 -17.5708
0.182149 -17.7897
0.180196 -17.9871
0.178164 -18.1416
0.176211 -18.3147
0.17418 -18.4859
0.172227 -18.6203
0.170274 -18.7314
0.168242 -18.8282
0.166289 -18.9141
0.164336 -18.998
0.162305 -19.0433
0.160352 -19.0738
0.158321 -19.0933
0.156368 -19.0986
0.154415 -19.1048
0.152384 -19.0886
0.150431 -19.0643
0.148399 -19.0256
0.146446 -18.9584
0.144493 -18.9141
0.142462 -18.8463
0.140509 -18.7629
0.138477 -18.657
0.136524 -18.5498
0.134571 -18.4811
0.13254 -18.3752
0.130587 -18.2727
0.128633 -18.154
0.126602 -18.0405
0.124649 -17.9275
0.122618 -17.8116
0.120665 -17.6776
0.118711 -17.5622
0.11668 -17.4301
0.114727 -17.3114
0.112696 -17.1831
0.110743 -17.0606
0.108789 -16.9314
0.106758 -16.8069
0.104805 -16.6758
0.102774 -16.5566
0.100821 -16.4321
0.0988674 -16.3005
0.0968361 -16.1784
0.094883 -16.0597
0.0928516 -15.9453
0.0908985 -15.827
0.0889454 -15.7068
0.0869141 -15.5953
0.0849609 -15.4827
0.0830078 -15.3726
0.0809765 -15.2648
0.0790234 -15.1537
0.076993 -15.0493
0.0750389 -14.9482
0.0730858 -14.8438
0.0710554 -14.7479
0.0691023 -14.6487
0.067071 -14.5515
0.0651178 -14.4561
0.0631647 -14.3593
0.0611334 -14.273
0.0591803 -14.1743
0.0571489 -14.0904
0.0551958 -14.0031
0.0532427 -13.9201
0.0512114 -13.8372
0.0492582 -13.757
0.0472269 -13.6722
0.0452738 -13.5963
0.0433207 -13.5172
0.0412893 -13.4428
0.0393362 -13.3675
0.0373831 -13.295
0.0353518 -13.2254
0.0333986 -13.1543
0.0313673 -13.0837
0.0294142 -13.0184
0.0274611 -12.9517
0.0254297 -12.8844
0.0234766 -12.8181
0.0214453 -12.7566
0.0194921 -12.6932
0.017539 -12.6317
0.0155077 -12.5721
0.0135546 -12.513
0.0115232 -12.4557
0.00957012 -12.3971
0.007617 -12.3432
0.00558567 -12.2884
0.00363255 -12.2321
0.00167942 -12.1801
-0.000351906 -12.1263
-0.00230503 -12.0767
-0.00433636 -12.0252
-0.00628948 -11.978
-0.00824261 -11.9255
-0.010273 -11.8769
-0.0122261 -11.8311
-0.0142574 -11.7839
-0.0162106 -11.7352
-0.0181637 -11.6919
-0.020195 -11.6437
-0.0221481 -11.6008
-0.0241795 -11.5593
-0.0261326 -11.5149
-0.0280857 -11.4744
-0.030117 -11.4305
-0.0320702 -11.3895
-0.0341015 -11.35
-0.0360546 -11.3104
-0.0380077 -11.2703
-0.0400391 -11.2312
-0.0419922 -11.1936
-0.0439453 -11.1573
-0.0459766 -11.1192
-0.0479298 -11.0834
-0.0499611 -11.0453
-0.0519142 -11.0128
-0.0538673 -10.9766
-0.0558987 -10.9418
-0.0578518 -10.9055
-0.0598831 -10.8717
-0.0618362 -10.8393
-0.0637894 -10.8073
-0.0658207 -10.773
-0.0677738 -10.7401
-0.0698051 -10.7096
-0.0717583 -10.6786
-0.0737114 -10.6461
-0.0757427 -10.618
-0.0776958 -10.5884
-0.0797272 -10.5579
-0.0816803 -10.5293
-0.0836334 -10.5012
-0.0856647 -10.4726
-0.0876179 -10.4449
-0.089571 -10.4163
-0.0916023 -10.3896
-0.0935555 -10.3624
-0.0955858 -10.3357
-0.0975389 -10.31
-0.0994921 -10.2814
-0.0975389 -10.1698
-0.0955858 -10.0844
-0.0935555 -10.0129
-0.0916023 -9.94901
-0.089571 -9.8894
-0.0876179 -9.83314
-0.0856647 -9.78021
-0.0836334 -9.72919
-0.0816803 -9.6815
-0.0797272 -9.63286
-0.0776958 -9.58899
-0.0757427 -9.54513
-0.0737114 -9.50221
-0.0717583 -9.45977
-0.0698051 -9.42019
-0.0677738 -9.37966
-0.0658207 -9.34008
-0.0637894 -9.30241
-0.0618362 -9.26474
-0.0598831 -9.22707
-0.0578518 -9.19274
-0.0558987 -9.15841
-0.0538673 -9.12169
-0.0519142 -9.08831
-0.0499611 -9.05159
-0.0479298 -9.01965
-0.0459766 -8.98674
-0.0439453 -8.95384
-0.0419922 -8.92094
-0.0400391 -8.88947
-0.0380077 -8.85943
-0.0360546 -8.82796
-0.0341015 -8.79601
-0.0320702 -8.76502
-0.030117 -8.7345
-0.0280857 -8.70684
-0.0261326 -8.67585
-0.0241795 -8.64771
-0.0221481 -8.61767
-0.020195 -8.58859
-0.0181637 -8.56427
-0.0162106 -8.53375
-0.0142574 -8.50562
-0.0122261 -8.47891
-0.010273 -8.44983
-0.00824261 -8.42217
-0.00628948 -8.39547
-0.00433636 -8.36781
-0.00230503 -8.34111
-0.000351906 -8.31297
0.00167942 -8.28866
0.00363255 -8.26148
0.00558567 -8.23477
0.007617 -8.20855
0.00957012 -8.18041
0.0115232 -8.15609
0.0135546 -8.12939
0.0155077 -8.10364
0.017539 -8.07837
0.0194921 -8.05214
0.0214453 -8.02734
0.0234766 -8.00112
0.0254297 -7.97632
0.0274611 -7.94867
0.0294142 -7.92339
0.0313673 -7.89478
0.0333986 -7.87046
0.0353518 -7.84424
0.0373831 -7.81801
0.0393362 -7.78845
0.0412893 -7.7627
0.0433207 -7.73552
0.0452738 -7.70977
0.0472269 -7.68068
0.0492582 -7.65303
0.0512114 -7.62442
0.0532427 -7.59628
0.0551958 -7.56767
0.0571489 -7.53668
0.0591803 -7.50759
0.0611334 -7.48327
0.0631647 -7.4456
0.0651178 -7.41938
0.067071 -7.38504
0.0691023 -7.35214
0.0710554 -7.31829
0.0730858 -7.28252
0.0750389 -7.24962
0.076993 -7.211
0.0790234 -7.17237
0.0809765 -7.13614
0.0830078 -7.09513
0.0849609 -7.05555
0.0869141 -7.01311
0.0889454 -6.96686
0.0908985 -6.92442
0.0928516 -6.87817
0.094883 -6.82619
0.0968361 -6.77516
0.0988674 -6.72462
0.100821 -6.6736
0.102774 -6.61924
0.104805 -6.55296
0.106758 -6.49478
0.108789 -6.42803
0.110743 -6.36127
0.112696 -6.28736
0.114727 -6.21488
0.11668 -6.13191
0.118711 -6.05609
0.120665 -5.9674
0.122618 -5.88253
0.124649 -5.78668
0.126602 -5.68559
0.128633 -5.58402
0.130587 -5.47721
0.13254 -5.36277
0.134571 -5.24404
0.136524 -5.10718
0.138477 -4.98988
0.140509 -4.86972
0.142462 -4.71951
0.144493 -4.56407
0.146446 -4.39717
0.148399 -4.23934
0.150431 -4.06624
0.152384 -3.88075
0.154415 -3.69193
0.156368 -3.48689
0.158321 -3.28948
0.160352 -3.07442
0.162305 -2.8546
0.164336 -2.62571
0.166289 -2.37823
0.168242 -2.12599
0.170274 -1.87183
0.172227 -1.60766
0.17418 -1.32585
0.176211 -1.03355
0.178164 -0.739341
0.180196 -0.463247
0.182149 -0.149012
0.184102 0.173807
0.186133 0.513341
0.188087 0.834206
0.190118 1.18812
0.192071 1.52076
0.194024 1.90547
0.196055 2.24298
0.198009 2.60967
0.20004 2.98399
0.201993 3.34724
0.203946 3.71655
0.205977 4.09707
0.207931 4.46047
0.209962 4.87332
0.211915 5.21297
0.213868 5.60045
0.215899 5.96294
0.217853 6.34887
0.219806 6.66358
0.221837 7.00262
0.22379 7.3612
0.225821 7.70977
0.227775 8.03068
0.229728 8.36018
0.231759 8.66869
0.233712 8.97435
0.235744 9.25997
0.237697 9.51222
0.23965 9.77162
0.241681 10.0224
0.243634 10.2475
0.245665 10.4468
0.247618 10.6461
0.249571 10.8293
0.251602 11.0014
0.253555 11.1473
0.255587 11.267
0.25754 11.3867
0.259493 11.4668
0.261524 11.5469
0.263477 11.6289
0.26543 11.6647
0.267462 11.7162
0.269415 11.7281
0.271446 11.7429
0.273399 11.7534
0.275352 11.7219
0.277384 11.6837
0.279337 11.6432
0.281368 11.5865
0.283321 11.5512
0.285275 11.453
0.287306 11.3781
0.289259 11.2846
0.29129 11.1969
0.293243 11.1006
0.295197 10.9828
0.297228 10.866
0.299181 10.7329
0.301134 10.6118
0.303165 10.4964
0.305119 10.3634
0.30715 10.2361
0.309103 10.1011
0.311056 9.96665
0.313087 9.83647
0.315041 9.69724
0.317072 9.55562
0.319025 9.41733
0.320978 9.27952
0.323009 9.14458
0.324963 9.00773
0.326994 8.87087
0.328947 8.73402
0.3309 8.60623
0.332931 8.47367
0.334884 8.34111
0.336915 8.21379
0.338868 8.0798
0.340821 7.96106
0.342853 7.83613
0.344806 7.71454
0.346759 7.59581
0.34879 7.48089
0.350743 7.36359
0.352775 7.25105
0.354728 7.13709
0.356681 7.03171
0.358712 6.91965
0.360665 6.81665
0.362697 6.71222
0.36465 6.61352
0.366603 6.5129
0.368634 6.41611
0.370587 6.32074
0.372619 6.22871
0.374572 6.13477
0.376525 6.04703
0.378556 5.95357
0.380509 5.86965
0.382541 5.7862
0.384494 5.70228
0.386447 5.62264
0.388478 5.54349
0.390431 5.46624
0.392385 5.38995
0.394416 5.31413
0.396369 5.24117
0.3984 5.1706
0.400353 5.10003
0.402307 5.03041
0.404338 4.96366
0.406291 4.8969
0.408322 4.83205
0.410275 4.76863
0.412229 4.70521
0.414259 4.6437
0.416212 4.58362
0.418243 4.52353
0.420197 4.46727
0.42215 4.40957
0.424181 4.3533
0.426134 4.29894
0.428087 4.24553
0.430119 4.19451
0.432072 4.14111
0.434103 4.09009
0.436056 4.04097
0.438009 3.99186
0.440041 3.94417
0.441994 3.89554
0.444025 3.84928
0.445978 3.80398
0.447931 3.75916
0.449963 3.71624
0.451916 3.67285
0.453947 3.63041
0.4559 3.5875
0.457853 3.54697
0.459885 3.50644
0.461838 3.46686
0.463869 3.42728
0.465822 3.39056
0.467775 3.35146
0.469807 3.31475
0.47176 3.27851
0.473713 3.24275
0.475744 3.20651
0.477697 3.17217
0.479729 3.13832
0.481682 3.10398
0.483635 3.0706
0.485666 3.03818
0.487619 3.00575
0.489651 2.97428
0.491604 2.94281
0.493557 2.91229
0.495588 2.88225
0.497541 2.85173
0.499572 2.82217
0.501525 2.79356
0.503478 2.76686
0.505509 2.73729
0.507463 2.71154
0.509494 2.68293
0.511447 2.65671
0.5134 2.63048
0.515431 2.60473
0.517385 2.57851
0.519338 2.55419
0.521369 2.52796
0.523322 2.50412
0.525353 2.4798
0.527307 2.45691
0.52926 2.43259
0.531291 2.41018
0.533244 2.38777
0.535275 2.36393
0.537229 2.342
0.539182 2.31815
0.541213 2.29765
0.543166 2.27667
0.545197 2.25664
0.547151 2.23518
0.549104 2.21516
0.551135 2.19465
0.553088 2.1751
0.555041 2.1546
0.557073 2.13648
0.559026 2.11597
0.561057 2.09785
0.56301 2.07878
0.564963 2.06066
0.566995 2.04397
0.568948 2.02585
0.570979 2.00773
0.572932 1.99009
0.574885 1.97292
0.576917 1.95528
0.57887 1.93764
0.580901 1.92142
0.582854 1.90521
0.584807 1.88995
0.586838 1.87374
0.588791 1.85752
0.590822 1.84131
0.592775 1.82653
0.594728 1.81127
0.59676 1.79649
0.598713 1.78171
0.600666 1.76692
0.602697 1.75262
0.60465 1.73831
0.606682 1.72449
0.608635 1.71066
0.610588 1.69588
0.612619 1.68348
0.614573 1.66965
0.616604 1.65678
0.618557 1.64295
0.62051 1.63055
0.622541 1.61863
0.624495 1.60623
0.626526 1.59336
0.628479 1.58
0.630432 1.56904
0.632463 1.55616
0.634417 1.54472
0.636448 1.53327
0.638401 1.52231
0.640354 1.51086
0.642385 1.49894
0.644339 1.48702
0.646292 1.47748
0.648323 1.46604
0.650276 1.45603
0.652308 1.44506
0.654261 1.43409
0.656214 1.42408
0.658245 1.41359
0.660198 1.40405
0.66223 1.39308
0.664183 1.3845
0.666136 1.37592
0.668166 1.36447
0.67012 1.35541
0.672151 1.34731
0.674104 1.33873
0.676057 1.32967
0.678088 1.32108
0.680041 1.31202
0.681994 1.30392
0.684026 1.29533
0.685979 1.28723
0.68801 1.27912
0.689963 1.27197
0.691916 1.26291
0.693948 1.25623
0.695901 1.2486
0.697932 1.24002
0.699885 1.23334
0.697932 1.18328
0.695901 1.14942
0.693948 1.11793
0.691916 1.09289
