0.689963 1.15037
0.68801 1.12844
0.685979 1.10572
0.684026 1.08726
0.681994 1.06991
0.680041 1.05169
0.678088 1.03562
0.676057 1.02041
0.674104 1.00601
0.672151 0.988988
0.67012 0.975493
0.668166 0.96157
0.666136 0.948647
0.664183 0.934676
0.66223 0.922278
0.660198 0.908736
0.658245 0.896624
0.656214 0.884942
0.654261 0.872878
0.652308 0.860957
0.650276 0.850132
0.648323 0.838068
0.646292 0.827149
0.644339 0.816134
0.642385 0.804928
0.640354 0.79563
0.638401 0.784948
0.636448 0.774267
0.634417 0.765017
0.632463 0.75548
0.630432 0.745419
0.628479 0.735548
0.626526 0.72644
0.624495 0.717524
0.622541 0.70751
0.62051 0.697639
0.618557 0.689676
0.616604 0.681236
0.614573 0.671937
0.612619 0.663688
0.610588 0.65501
0.608635 0.647094
0.606682 0.637939
0.60465 0.628736
0.602697 0.620964
0.600666 0.61343
0.598713 0.60518
0.59676 0.597551
0.594728 0.589206
0.592775 0.582244
0.590822 0.57514
0.588791 0.566509
0.586838 0.560262
0.584807 0.551869
0.582854 0.544002
0.580901 0.537087
0.57887 0.529744
0.576917 0.524117
0.574885 0.515534
0.572932 0.509765
0.570979 0.50266
0.568948 0.495793
0.566995 0.490214
0.564963 0.482633
0.56301 0.476195
0.561057 0.469758
0.559026 0.462892
0.557073 0.456931
0.555041 0.450112
0.553088 0.443437
0.551135 0.438191
0.549104 0.431277
0.547151 0.426222
0.545197 0.419451
0.543166 0.4133
0.541213 0.407292
0.539182 0.400759
0.537229 0.395943
0.535275 0.389601
0.533244 0.383593
0.531291 0.378586
0.52926 0.372578
0.527307 0.366999
0.525353 0.361468
0.523322 0.355031
0.521369 0.349738
0.519338 0.344874
0.517385 0.339009
0.515431 0.333859
0.5134 0.32952
0.511447 0.323416
0.509494 0.318457
0.507463 0.313164
0.505509 0.307728
0.503478 0.303484
0.501525 0.298286
0.499572 0.292707
0.497541 0.288273
0.495588 0.283266
0.493557 0.279404
0.491604 0.273682
0.489651 0.268627
0.487619 0.263954
0.485666 0.259138
0.483635 0.254322
0.481682 0.249029
0.479729 0.244881
0.477697 0.24016
0.475744 0.235964
0.473713 0.230862
0.47176 0.227667
0.469807 0.223042
0.467775 0.21751
0.465822 0.21279
0.463869 0.208164
0.461838 0.204731
0.459885 0.199963
0.457853 0.196005
0.4559 0.190855
0.453947 0.187469
0.451916 0.182128
0.449963 0.178504
0.447931 0.173069
0.445978 0.169349
0.444025 0.164199
0.441994 0.160194
0.440041 0.155473
0.438009 0.151515
0.436056 0.14627
0.434103 0.142408
0.432072 0.137735
0.430119 0.134159
0.428087 0.127626
0.426134 0.123764
0.424181 0.119329
0.42215 0.114847
0.420197 0.109697
0.418243 0.104547
0.416212 0.101018
0.414259 0.0962501
0.412229 0.0906711
0.410275 0.0854259
0.408322 0.0806575
0.406291 0.0740771
0.404338 0.0689273
0.402307 0.0629668
0.400353 0.0582933
0.3984 0.0523329
0.396369 0.0456095
0.394416 0.0392199
0.392385 0.0335455
0.390431 0.0265837
0.388478 0.0192404
0.386447 0.0115156
0.384494 0.00426769
0.382541 -0.00274181
0.380509 -0.0113726
0.378556 -0.0201464
0.376525 -0.0276804
0.374572 -0.0361681
0.372619 -0.0468016
0.370587 -0.0577688
0.368634 -0.068975
0.366603 -0.0803714
0.36465 -0.0924354
0.362697 -0.105596
0.360665 -0.118566
0.358712 -0.131917
0.356681 -0.146413
0.354728 -0.164962
0.352775 -0.17922
0.350743 -0.198055
0.34879 -0.217319
0.346759 -0.237299
0.344806 -0.2589
0.342853 -0.282932
0.340821 -0.304342
0.338868 -0.331999
0.336915 -0.356175
0.334884 -0.385739
0.332931 -0.416543
0.3309 -0.450398
0.328947 -0.486209
0.326994 -0.522735
0.324963 -0.561645
0.323009 -0.603178
0.320978 -0.651147
0.319025 -0.698975
0.317072 -0.747326
0.315041 -0.801447
0.313087 -0.858954
0.311056 -0.923089
0.309103 -0.988177
0.30715 -1.05999
0.305119 -1.13361
0.303165 -1.20891
0.301134 -1.29827
0.299181 -1.38529
0.297228 -1.46945
0.295197 -1.5684
0.293243 -1.67044
0.29129 -1.78722
0.289259 -1.90886
0.287306 -2.03288
0.285275 -2.16554
0.283321 -2.29081
0.281368 -2.45665
0.279337 -2.6079
0.277384 -2.77155
0.275352 -2.93764
0.273399 -3.1123
0.271446 -3.30986
0.269415 -3.51333
0.267462 -3.71503
0.26543 -3.94143
0.263477 -4.15897
0.261524 -4.40416
0.259493 -4.64672
0.25754 -4.88867
0.255587 -5.16061
0.253555 -5.43189
0.251602 -5.72061
0.249571 -6.02384
0.247618 -6.34077
0.245665 -6.65214
0.243634 -6.96972
0.241681 -7.30589
0.23965 -7.65255
0.237697 -8.01161
0.235744 -8.35446
0.233712 -8.71876
0.231759 -9.10357
0.229728 -9.48361
0.227775 -9.87176
0.225821 -10.2494
0.22379 -10.6504
0.221837 -11.0443
0.219806 -11.4205
0.217853 -11.781
0.215899 -12.1816
0.213868 -12.5702
0.211915 -12.9798
0.209962 -13.3255
0.207931 -13.7499
0.205977 -14.1085
0.203946 -14.4809
0.201993 -14.8337
0.20004 -15.1752
0.198009 -15.5137
0.196055 -15.8404
0.194024 -16.1365
0.192071 -16.4731
0.190118 -16.7411
0.188087 -17.0224
0.186133 -17.2637
0.184102 -17.5222
0.182149 -17.7439
0.180196 -17.947
0.178164 -18.101
0.176211 -18.277
0.17418 -18.4506
0.172227 -18.5889
0.170274 -18.7066
0.168242 -18.8058
0.166289 -18.8988
0.164336 -18.9775
0.162305 -19.0237
0.160352 -19.0647
0.158321 -19.0919
0.156368 -19.091
0.154415 -19.1038
0.152384 -19.0914
0.150431 -19.0705
0.148399 -19.0323
0.146446 -18.9684
0.144493 -18.9303
0.142462 -18.863
0.140509 -18.7844
0.138477 -18.6771
0.136524 -18.5726
0.134571 -18.5049
0.13254 -18.4029
0.130587 -18.2999
0.128633 -18.184
0.126602 -18.0681
0.124649 -17.9594
0.122618 -17.8436
0.120665 -17.7124
0.118711 -17.5951
0.11668 -17.4635
0.114727 -17.3472
0.112696 -17.2189
0.110743 -17.0992
0.108789 -16.9705
0.106758 -16.8436
0.104805 -16.7149
0.102774 -16.5961
0.100821 -16.4688
0.0988674 -16.3415
0.0968361 -16.2185
0.094883 -16.1007
0.0928516 -15.9844
0.0908985 -15.8675
0.0889454 -15.7488
0.0869141 -15.6358
0.0849609 -15.5233
0.0830078 -15.4121
0.0809765 -15.3034
0.0790234 -15.1928
0.076993 -15.0917
0.0750389 -14.9878
0.0730858 -14.8838
0.0710554 -14.787
0.0691023 -14.6859
0.067071 -14.5901
0.0651178 -14.4957
0.0631647 -14.4003
0.0611334 -14.3116
0.0591803 -14.2153
0.0571489 -14.1285
0.0551958 -14.0446
0.0532427 -13.9602
0.0512114 -13.8767
0.0492582 -13.7966
0.0472269 -13.7146
0.0452738 -13.6383
0.0433207 -13.5587
0.0412893 -13.4838
0.0393362 -13.4085
0.0373831 -13.336
0.0353518 -13.2659
0.0333986 -13.1968
0.0313673 -13.1262
0.0294142 -13.0594
0.0274611 -12.9927
0.0254297 -12.9278
0.0234766 -12.8615
0.0214453 -12.8
0.0194921 -12.7352
0.017539 -12.6775
0.0155077 -12.6179
0.0135546 -12.5592
0.0115232 -12.501
0.00957012 -12.4457
0.007617 -12.3904
0.00558567 -12.3356
0.00363255 -12.2836
0.00167942 -12.2297
-0.000351906 -12.1773
-0.00230503 -12.1291
-0.00433636 -12.0795
-0.00628948 -12.0304
-0.00824261 -11.9813
-0.010273 -11.9322
-0.0122261 -11.8874
-0.0142574 -11.8411
-0.0162106 -11.7939
-0.0181637 -11.751
-0.020195 -11.7028
-0.0221481 -11.6618
-0.0241795 -11.6203
-0.0261326 -11.5774
-0.0280857 -11.5388
-0.030117 -11.4973
-0.0320702 -11.4568
-0.0341015 -11.4181
-0.0360546 -11.3795
-0.0380077 -11.3414
-0.0400391 -11.3037
-0.0419922 -11.2651
-0.0439453 -11.2312
-0.0459766 -11.1959
-0.0479298 -11.1611
-0.0499611 -11.1254
-0.0519142 -11.0929
-0.0538673 -11.0581
-0.0558987 -11.0267
-0.0578518 -10.9919
-0.0598831 -10.9594
-0.0618362 -10.9275
-0.0637894 -10.8965
-0.0658207 -10.8669
-0.0677738 -10.835
-0.0698051 -10.8068
-0.0717583 -10.7778
-0.0737114 -10.7472
-0.0757427 -10.7182
-0.0776958 -10.6895
-0.0797272 -10.6633
-0.0816803 -10.6352
-0.0836334 -10.6075
-0.0856647 -10.5808
-0.0876179 -10.5555
-0.089571 -10.5307
-0.0916023 -10.506
-0.0935555 -10.4792
-0.0955858 -10.4554
-0.0975389 -10.4311
-0.0994921 -10.4049
-0.0975389 -10.2938
-0.0955858 -10.2089
-0.0935555 -10.1388
-0.0916023 -10.0763
-0.089571 -10.0158
-0.0876179 -9.96236
-0.0856647 -9.91229
-0.0836334 -9.86079
-0.0816803 -9.81454
-0.0797272 -9.77019
-0.0776958 -9.72537
-0.0757427 -9.68293
-0.0737114 -9.64145
-0.0717583 -9.60425
-0.0698051 -9.5642
-0.0677738 -9.5251
-0.0658207 -9.48934
-0.0637894 -9.45214
-0.0618362 -9.41638
-0.0598831 -9.38109
-0.0578518 -9.34676
-0.0558987 -9.31529
-0.0538673 -9.27952
-0.0519142 -9.24757
-0.0499611 -9.21467
-0.0479298 -9.18511
-0.0459766 -9.15364
-0.0439453 -9.12264
-0.0419922 -9.0907
-0.0400391 -9.06399
-0.0380077 -9.03395
-0.0360546 -9.00439
-0.0341015 -8.97625
-0.0320702 -8.94764
-0.030117 -8.91903
-0.0280857 -8.89185
-0.0261326 -8.8642
-0.0241795 -8.83797
-0.0221481 -8.81032
-0.020195 -8.78266
-0.0181637 -8.76072
-0.0162106 -8.73307
-0.0142574 -8.70684
-0.0122261 -8.68109
-0.010273 -8.65391
-0.00824261 -8.63055
-0.00628948 -8.60528
-0.00433636 -8.57905
-0.00230503 -8.55521
-0.000351906 -8.5266
0.00167942 -8.50466
0.00363255 -8.4813
0.00558567 -8.45507
0.007617 -8.43171
0.00957012 -8.40643
0.0115232 -8.38355
0.0135546 -8.3597
0.0155077 -8.33395
0.017539 -8.31059
0.0194921 -8.28532
0.0214453 -8.26529
0.0234766 -8.23954
0.0254297 -8.21618
0.0274611 -8.1909
0.0294142 -8.16468
0.0313673 -8.14084
0.0333986 -8.11699
0.0353518 -8.09172
0.0373831 -8.06597
0.0393362 -8.0407
0.0412893 -8.01638
0.0433207 -7.98967
0.0452738 -7.9644
0.0472269 -7.93627
0.0492582 -7.911
0.0512114 -7.88382
0.0532427 -7.85616
0.0551958 -7.8285
0.0571489 -7.79799
0.0591803 -7.76747
0.0611334 -7.74553
0.0631647 -7.71215
0.0651178 -7.68307
0.067071 -7.64826
0.0691023 -7.61631
0.0710554 -7.58293
0.0730858 -7.54669
0.0750389 -7.51474
0.076993 -7.47707
0.0790234 -7.43797
0.0809765 -7.40316
0.0830078 -7.36263
0.0849609 -7.32306
0.0869141 -7.27919
0.0889454 -7.23532
0.0908985 -7.19145
0.0928516 -7.14281
0.094883 -7.09227
0.0968361 -7.04124
0.0988674 -6.98975
0.100821 -6.93968
0.102774 -6.88055
0.104805 -6.8157
0.106758 -6.75418
0.108789 -6.68933
0.110743 -6.62115
0.112696 -6.54676
0.114727 -6.4719
0.11668 -6.38797
0.118711 -6.3112
0.120665 -6.21917
0.122618 -6.13477
0.124649 -6.03464
0.126602 -5.93164
0.128633 -5.83055
0.130587 -5.72374
0.13254 -5.605
0.134571 -5.48341
0.136524 -5.34179
0.138477 -5.22544
0.140509 -5.10289
0.142462 -4.95412
0.144493 -4.79533
0.146446 -4.6251
0.148399 -4.46488
0.150431 -4.28845
0.152384 -4.09962
0.154415 -3.91079
0.156368 -3.70146
0.158321 -3.50167
0.160352 -3.28804
0.162305 -3.0644
0.164336 -2.83266
0.166289 -2.58089
0.168242 -2.32531
0.170274 -2.07067
0.172227 -1.80603
0.17418 -1.52374
0.176211 -1.22524
0.178164 -0.930552
0.180196 -0.653987
0.182149 -0.336885
0.184102 -0.0116825
0.186133 0.329663
0.188087 0.650289
0.190118 1.00344
0.192071 1.34156
0.194024 1.72532
0.196055 2.06807
0.198009 2.4329
0.20004 2.80303
0.201993 3.17081
0.203946 3.54246
0.205977 3.92508
0.207931 4.28671
0.209962 4.69717
0.211915 5.03635
0.213868 5.4223
0.215899 5.78832
0.217853 6.16093
0.219806 6.48954
0.221837 6.82762
0.22379 7.18668
0.225821 7.53525
0.227775 7.85616
0.229728 8.18614
0.231759 8.49513
0.233712 8.79887
0.235744 9.08783
0.237697 9.33865
0.23965 9.59376
0.241681 9.84696
0.243634 10.0744
0.245665 10.2747
0.247618 10.4702
0.249571 10.6552
0.251602 10.8278
0.253555 10.9809
0.255587 11.0982
0.25754 11.2207
0.259493 11.3008
0.261524 11.3805
0.263477 11.4634
0.26543 11.5011
0.267462 11.5579
0.269415 11.5688
0.271446 11.5912
0.273399 11.5951
0.275352 11.5707
0.277384 11.5331
0.279337 11.4973
0.281368 11.441
0.283321 11.4077
0.285275 11.3113
0.287306 11.2374
0.289259 11.1511
0.29129 11.0639
0.293243 10.9652
0.295197 10.8517
0.297228 10.7387
0.299181 10.6075
0.301134 10.4883
0.303165 10.3739
0.305119 10.2456
0.30715 10.1197
0.309103 9.99049
0.311056 9.85698
0.313087 9.72775
0.315041 9.59233
0.317072 9.4531
0.319025 9.31529
0.320978 9.18177
0.323009 9.04921
0.324963 8.91522
0.326994 8.78027
0.328947 8.64819
0.3309 8.51992
0.332931 8.39213
0.334884 8.26148
0.336915 8.13702
0.338868 8.00446
0.340821 7.88954
0.342853 7.76461
0.344806 7.64635
0.346759 7.53
0.34879 7.41652
0.350743 7.30303
0.352775 7.19288
0.354728 7.08273
0.356681 6.97878
0.358712 6.8691
0.360665 6.76849
0.362697 6.66788
0.36465 6.56917
0.366603 6.47237
0.368634 6.37748
0.370587 6.28355
0.372619 6.1939
0.374572 6.10187
0.376525 6.01652
0.378556 5.92735
0.380509 5.84486
0.382541 5.76284
0.384494 5.68273
0.386447 5.60452
0.388478 5.52632
0.390431 5.45003
0.392385 5.37517
0.394416 5.30316
0.396369 5.23211
0.3984 5.1625
0.400353 5.09431
0.402307 5.02612
0.404338 4.96079
0.406291 4.89642
0.408322 4.833
0.410275 4.77101
0.412229 4.71045
0.414259 4.65085
0.416212 4.59172
0.418243 4.53403
0.420197 4.47919
0.42215 4.42292
0.424181 4.36856
0.426134 4.31611
0.428087 4.26365
0.430119 4.21406
0.432072 4.16113
0.434103 4.11345
0.436056 4.06338
0.438009 4.01618
0.440041 3.96897
0.441994 3.92272
0.444025 3.87789
0.445978 3.83402
0.447931 3.78777
0.449963 3.74676
0.451916 3.7048
0.453947 3.66284
0.4559 3.62183
0.457853 3.58178
0.459885 3.54172
0.461838 3.50262
0.463869 3.46495
0.465822 3.4268
0.467775 3.39056
0.469807 3.35433
0.47176 3.31761
0.473713 3.28185
0.475744 3.24656
0.477697 3.21366
0.479729 3.1798
0.481682 3.14595
0.483635 3.11447
0.485666 3.08109
0.487619 3.04962
0.489651 3.01863
0.491604 2.98716
0.493557 2.95712
0.495588 2.92612
0.497541 2.89751
0.499572 2.86699
0.501525 2.83886
0.503478 2.81216
0.505509 2.78259
0.507463 2.75589
0.509494 2.72871
0.511447 2.70248
0.5134 2.67578
0.515431 2.64908
0.517385 2.62381
0.519338 2.59901
0.521369 2.57231
0.523322 2.54894
0.525353 2.52462
0.527307 2.50126
0.52926 2.47646
0.531291 2.45262
0.533244 2.42926
0.535275 2.4078
0.537229 2.38396
0.539182 2.36107
0.541213 2.33913
0.543166 2.31768
0.545197 2.29622
0.547151 2.27571
0.549104 2.25521
0.551135 2.23328
0.553088 2.21325
0.555041 2.1937
0.557073 2.17367
0.559026 2.15317
0.561057 2.13409
0.56301 2.11502
0.564963 2.09595
0.566995 2.07735
0.568948 2.05828
0.570979 2.04111
0.572932 2.02251
0.574885 2.00487
0.576917 1.98771
0.57887 1.96863
0.580901 1.95147
0.582854 1.93525
0.584807 1.91809
0.586838 1.9014
0.588791 1.88423
0.590822 1.86801
0.592775 1.8518
0.594728 1.83654
0.59676 1.82081
0.598713 1.80555
0.600666 1.78886
0.602697 1.7736
0.60465 1.75977
0.606682 1.74499
0.608635 1.72973
0.610588 1.71495
0.612619 1.69969
0.614573 1.68586
0.616604 1.67299
0.618557 1.65725
0.62051 1.64438
0.622541 1.63055
0.624495 1.61815
0.626526 1.60385
0.628479 1.59145
0.630432 1.57905
0.632463 1.56618
0.634417 1.55282
0.636448 1.54186
0.638401 1.52803
0.640354 1.51659
0.642385 1.50419
0.644339 1.49227
0.646292 1.48035
0.648323 1.46842
0.650276 1.45746
0.652308 1.44554
0.654261 1.43552
0.656214 1.42456
0.658245 1.41359
0.660198 1.40214
0.66223 1.39165
0.664183 1.38212
0.666136 1.3721
0.668166 1.36114
0.67012 1.35065
0.672151 1.34016
0.674104 1.33157
0.676057 1.32156
0.678088 1.31202
0.680041 1.30296
0.681994 1.29438
0.684026 1.28484
0.685979 1.27674
0.68801 1.2672
0.689963 1.25957
0.691916 1.25099
0.693948 1.24288
0.695901 1.23382
0.697932 1.22524
0.699885 1.21809
0.697932 1.16659
0.695901 1.1278
0.693948 1.09866
0.691916 1.07129
