0.689963 1.07129
0.68801 1.05045
0.685979 1.03133
0.684026 1.01307
0.681994 0.996617
0.680041 0.97907
0.678088 0.963525
0.676057 0.948838
0.674104 0.933579
0.672151 0.919131
0.67012 0.905493
0.668166 0.891999
0.666136 0.880221
0.664183 0.867775
0.66223 0.855092
0.660198 0.842598
0.658245 0.830821
0.656214 0.819758
0.654261 0.809172
0.652308 0.797251
0.650276 0.786522
0.648323 0.775793
0.646292 0.765017
0.644339 0.755146
0.642385 0.745037
0.640354 0.73531
0.638401 0.725391
0.636448 0.716093
0.634417 0.705889
0.632463 0.6964
0.630432 0.687864
0.628479 0.678232
0.626526 0.669696
0.624495 0.660446
0.622541 0.651577
0.62051 0.644615
0.618557 0.635412
0.616604 0.628164
0.614573 0.619152
0.612619 0.610807
0.610588 0.602796
0.608635 0.594642
0.606682 0.587013
0.60465 0.580528
0.602697 0.571277
0.600666 0.564363
0.598713 0.55597
0.59676 0.54939
0.594728 0.542142
0.592775 0.534942
0.590822 0.528695
0.588791 0.521161
0.586838 0.514056
0.584807 0.506904
0.582854 0.499179
0.580901 0.492551
0.57887 0.485923
0.576917 0.480821
0.574885 0.473525
0.572932 0.466802
0.570979 0.460746
0.568948 0.455262
0.566995 0.448634
0.564963 0.442054
0.56301 0.436045
0.561057 0.430132
0.559026 0.423934
0.557073 0.418355
0.555041 0.412442
0.553088 0.406004
0.551135 0.401093
0.549104 0.395419
0.547151 0.388981
0.545197 0.383593
0.543166 0.377633
0.541213 0.372817
0.539182 0.367142
0.537229 0.362946
0.535275 0.357558
0.533244 0.350691
0.531291 0.345732
0.52926 0.340249
0.527307 0.336291
0.525353 0.330473
0.523322 0.325276
0.521369 0.320412
0.519338 0.316311
0.517385 0.310064
0.515431 0.305439
0.5134 0.300909
0.511447 0.297094
0.509494 0.290609
0.507463 0.28627
0.505509 0.280596
0.503478 0.277163
0.501525 0.271107
0.499572 0.268389
0.497541 0.263
0.495588 0.257803
0.493557 0.253845
0.491604 0.250555
0.489651 0.244976
0.487619 0.240255
0.485666 0.235773
0.483635 0.2311
0.481682 0.227333
0.479729 0.223709
0.477697 0.218798
0.475744 0.214363
0.473713 0.210596
0.47176 0.205971
0.469807 0.202204
0.467775 0.197817
0.465822 0.192905
0.463869 0.189043
0.461838 0.184894
0.459885 0.181938
0.457853 0.177551
0.4559 0.173021
0.453947 0.169731
0.451916 0.164199
0.449963 0.160718
0.447931 0.156904
0.445978 0.152803
0.444025 0.147844
0.441994 0.143886
0.440041 0.140977
0.438009 0.13578
0.436056 0.13125
0.434103 0.12734
0.432072 0.122524
0.430119 0.120044
0.428087 0.114942
0.426134 0.10984
0.424181 0.105739
0.42215 0.101448
0.420197 0.0974422
0.418243 0.0924354
0.416212 0.0880485
0.414259 0.0828032
0.412229 0.0772719
0.410275 0.073648
0.408322 0.068069
0.406291 0.0630145
0.404338 0.0575781
0.402307 0.0519037
0.400353 0.0476599
0.3984 0.0416517
0.396369 0.034976
0.394416 0.028491
0.392385 0.0226259
0.390431 0.016284
0.388478 0.00927448
0.386447 0.00216961
0.384494 -0.00579357
0.382541 -0.0131845
0.380509 -0.0211477
0.378556 -0.0291586
0.376525 -0.0365496
0.374572 -0.04704
0.372619 -0.0560045
0.370587 -0.0675921
0.368634 -0.0775104
0.366603 -0.0882392
0.36465 -0.100923
0.362697 -0.112844
0.360665 -0.126529
0.358712 -0.141931
0.356681 -0.154424
0.354728 -0.172163
0.352775 -0.187899
0.350743 -0.205637
0.34879 -0.22471
0.346759 -0.245882
0.344806 -0.266815
0.342853 -0.289608
0.340821 -0.312878
0.338868 -0.341012
0.336915 -0.363184
0.334884 -0.393464
0.332931 -0.424887
0.3309 -0.457408
0.328947 -0.494363
0.326994 -0.530364
0.324963 -0.568988
0.323009 -0.61095
0.320978 -0.657442
0.319025 -0.705936
0.317072 -0.755337
0.315041 -0.809124
0.313087 -0.86644
0.311056 -0.930003
0.309103 -0.997285
0.30715 -1.06614
0.305119 -1.14248
0.303165 -1.21806
0.301134 -1.30575
0.299181 -1.39249
0.297228 -1.48004
0.295197 -1.57779
0.293243 -1.68141
0.29129 -1.79775
0.289259 -1.92035
0.287306 -2.0439
0.285275 -2.17837
0.283321 -2.30316
0.281368 -2.46943
0.279337 -2.61901
0.277384 -2.7851
0.275352 -2.95089
0.273399 -3.12551
0.271446 -3.32593
0.269415 -3.53154
0.267462 -3.7279
0.26543 -3.95936
0.263477 -4.17875
0.261524 -4.4238
0.259493 -4.66775
0.25754 -4.91147
0.255587 -5.18846
0.253555 -5.45635
0.251602 -5.74698
0.249571 -6.05407
0.247618 -6.36938
0.245665 -6.68361
0.243634 -7.00119
0.241681 -7.33831
0.23965 -7.68974
0.237697 -8.04403
0.235744 -8.38641
0.233712 -8.75786
0.231759 -9.14124
0.229728 -9.51795
0.227775 -9.91038
0.225821 -10.2947
0.22379 -10.6914
0.221837 -11.0901
0.219806 -11.4677
0.217853 -11.8258
0.215899 -12.2273
0.213868 -12.6169
0.211915 -13.0246
0.209962 -13.3751
0.207931 -13.7914
0.205977 -14.1495
0.203946 -14.5243
0.201993 -14.8776
0.20004 -15.2186
0.198009 -15.559
0.196055 -15.8861
0.194024 -16.1827
0.192071 -16.5146
0.190118 -16.7797
0.188087 -17.0601
0.186133 -17.3033
0.184102 -17.5594
0.182149 -17.783
0.180196 -17.9823
0.178164 -18.132
0.176211 -18.308
0.17418 -18.4735
0.172227 -18.6179
0.170274 -18.729
0.168242 -18.8268
0.166289 -18.9169
0.164336 -18.9956
0.162305 -19.0438
0.160352 -19.0795
0.158321 -19.1043
0.156368 -19.1038
0.154415 -19.1143
0.152384 -19.0953
0.150431 -19.0771
0.148399 -19.0337
0.146446 -18.9698
0.144493 -18.9307
0.142462 -18.8611
0.140509 -18.782
0.138477 -18.6728
0.136524 -18.5674
0.134571 -18.5016
0.13254 -18.3976
0.130587 -18.2937
0.128633 -18.1735
0.126602 -18.0605
0.124649 -17.9489
0.122618 -17.835
0.120665 -17.701
0.118711 -17.5851
0.11668 -17.4521
0.114727 -17.3357
0.112696 -17.2051
0.110743 -17.0859
0.108789 -16.9576
0.106758 -16.8307
0.104805 -16.701
0.102774 -16.5828
0.100821 -16.4545
0.0988674 -16.3272
0.0968361 -16.2061
0.094883 -16.0874
0.0928516 -15.9724
0.0908985 -15.8547
0.0889454 -15.7383
0.0869141 -15.6243
0.0849609 -15.5142
0.0830078 -15.405
0.0809765 -15.2953
0.0790234 -15.1866
0.076993 -15.0831
0.0750389 -14.9811
0.0730858 -14.8781
0.0710554 -14.7813
0.0691023 -14.6821
0.067071 -14.5844
0.0651178 -14.4909
0.0631647 -14.397
0.0611334 -14.3083
0.0591803 -14.2134
0.0571489 -14.1285
0.0551958 -14.0422
0.0532427 -13.9597
0.0512114 -13.8767
0.0492582 -13.7966
0.0472269 -13.716
0.0452738 -13.6402
0.0433207 -13.5615
0.0412893 -13.4867
0.0393362 -13.4123
0.0373831 -13.3417
0.0353518 -13.2726
0.0333986 -13.2025
0.0313673 -13.1305
0.0294142 -13.0661
0.0274611 -13.0022
0.0254297 -12.9374
0.0234766 -12.873
0.0214453 -12.811
0.0194921 -12.7471
0.017539 -12.688
0.0155077 -12.6303
0.0135546 -12.5731
0.0115232 -12.5158
0.00957012 -12.4596
0.007617 -12.4047
0.00558567 -12.3513
0.00363255 -12.2974
0.00167942 -12.2455
-0.000351906 -12.194
-0.00230503 -12.1453
-0.00433636 -12.0962
-0.00628948 -12.0466
-0.00824261 -11.9994
-0.010273 -11.9508
-0.0122261 -11.9064
-0.0142574 -11.8611
-0.0162106 -11.8144
-0.0181637 -11.7705
-0.020195 -11.7238
-0.0221481 -11.6833
-0.0241795 -11.6423
-0.0261326 -11.5998
-0.0280857 -11.5607
-0.030117 -11.5211
-0.0320702 -11.4806
-0.0341015 -11.4406
-0.0360546 -11.4053
-0.0380077 -11.3657
-0.0400391 -11.328
-0.0419922 -11.2904
-0.0439453 -11.257
-0.0459766 -11.2212
-0.0479298 -11.1869
-0.0499611 -11.1511
-0.0519142 -11.1177
-0.0538673 -11.0848
-0.0558987 -11.0529
-0.0578518 -11.0181
-0.0598831 -10.9852
-0.0618362 -10.9551
-0.0637894 -10.9227
-0.0658207 -10.8946
-0.0677738 -10.8626
-0.0698051 -10.8345
-0.0717583 -10.8049
-0.0737114 -10.7735
-0.0757427 -10.7458
-0.0776958 -10.7182
-0.0797272 -10.69
-0.0816803 -10.6638
-0.0836334 -10.6352
-0.0856647 -10.6104
-0.0876179 -10.5837
-0.089571 -10.5575
-0.0916023 -10.5327
-0.0935555 -10.5079
-0.0955858 -10.4826
-0.0975389 -10.4578
-0.0994921 -10.4335
-0.0975389 -10.3219
-0.0955858 -10.238
-0.0935555 -10.1688
-0.0916023 -10.1054
-0.089571 -10.0468
-0.0876179 -9.99145
-0.0856647 -9.94042
-0.0836334 -9.89083
-0.0816803 -9.84363
-0.0797272 -9.79928
-0.0776958 -9.75493
-0.0757427 -9.7125
-0.0737114 -9.67196
-0.0717583 -9.63191
-0.0698051 -9.59376
-0.0677738 -9.55466
-0.0658207 -9.51795
-0.0637894 -9.48075
-0.0618362 -9.44547
-0.0598831 -9.40923
-0.0578518 -9.37585
-0.0558987 -9.34199
-0.0538673 -9.30813
-0.0519142 -9.27619
-0.0499611 -9.24233
-0.0479298 -9.21086
-0.0459766 -9.17986
-0.0439453 -9.14935
-0.0419922 -9.11549
-0.0400391 -9.08831
-0.0380077 -9.05827
-0.0360546 -9.02871
-0.0341015 -8.99819
-0.0320702 -8.97196
-0.030117 -8.9424
-0.0280857 -8.91617
-0.0261326 -8.88422
-0.0241795 -8.86086
-0.0221481 -8.83225
-0.020195 -8.80221
-0.0181637 -8.77932
-0.0162106 -8.75214
-0.0142574 -8.72639
-0.0122261 -8.69874
-0.010273 -8.67108
-0.00824261 -8.64581
-0.00628948 -8.62006
-0.00433636 -8.59526
-0.00230503 -8.56951
-0.000351906 -8.54186
0.00167942 -8.51754
0.00363255 -8.4937
0.00558567 -8.4689
0.007617 -8.44315
0.00957012 -8.41692
0.0115232 -8.39165
0.0135546 -8.36876
0.0155077 -8.34397
0.017539 -8.31917
0.0194921 -8.29056
0.0214453 -8.2691
0.0234766 -8.2424
0.0254297 -8.21951
0.0274611 -8.19472
0.0294142 -8.16849
0.0313673 -8.14227
0.0333986 -8.11747
0.0353518 -8.09124
0.0373831 -8.06501
0.0393362 -8.03879
0.0412893 -8.01399
0.0433207 -7.98634
0.0452738 -7.96011
0.0472269 -7.93055
0.0492582 -7.9048
0.0512114 -7.87762
0.0532427 -7.84853
0.0551958 -7.82087
0.0571489 -7.7894
0.0591803 -7.76031
0.0611334 -7.73552
0.0631647 -7.70023
0.0651178 -7.67115
0.067071 -7.63634
0.0691023 -7.60248
0.0710554 -7.56815
0.0730858 -7.53382
0.0750389 -7.49853
0.076993 -7.46038
0.0790234 -7.42271
0.0809765 -7.38314
0.0830078 -7.34308
0.0849609 -7.30255
0.0869141 -7.25821
0.0889454 -7.21386
0.0908985 -7.16951
0.0928516 -7.11945
0.094883 -7.06652
0.0968361 -7.01502
0.0988674 -6.96447
0.100821 -6.91202
0.102774 -6.85194
0.104805 -6.78518
0.106758 -6.72557
0.108789 -6.65882
0.110743 -6.59015
0.112696 -6.51481
0.114727 -6.43947
0.11668 -6.35269
0.118711 -6.27735
0.120665 -6.18436
0.122618 -6.09663
0.124649 -5.99983
0.126602 -5.89492
0.128633 -5.79002
0.130587 -5.68464
0.13254 -5.56304
0.134571 -5.44431
0.136524 -5.3003
0.138477 -5.18538
0.140509 -5.05807
0.142462 -4.90644
0.144493 -4.75194
0.146446 -4.57551
0.148399 -4.42149
0.150431 -4.24315
0.152384 -4.05194
0.154415 -3.86073
0.156368 -3.65092
0.158321 -3.4516
0.160352 -3.23416
0.162305 -3.00957
0.164336 -2.78021
0.166289 -2.52605
0.168242 -2.27047
0.170274 -2.01679
0.172227 -1.74833
0.17418 -1.46032
0.176211 -1.16754
0.178164 -0.868564
0.180196 -0.588655
0.182149 -0.273466
0.184102 0.0522137
0.186133 0.39766
0.188087 0.718477
0.190118 1.07348
0.192071 1.41075
0.194024 1.79666
0.196055 2.13855
0.198009 2.50762
0.20004 2.88304
0.201993 3.2482
0.203946 3.62462
0.205977 4.00175
0.207931 4.37078
0.209962 4.78534
0.211915 5.12423
0.213868 5.51476
0.215899 5.88102
0.217853 6.23307
0.219806 6.58491
0.221837 6.92299
0.22379 7.28491
0.225821 7.63586
0.227775 7.9582
0.229728 8.28675
0.231759 8.59812
0.233712 8.90807
0.235744 9.19226
0.237697 9.44737
0.23965 9.71059
0.241681 9.96188
0.243634 10.1879
0.245665 10.3915
0.247618 10.587
0.249571 10.7773
0.251602 10.9537
0.253555 11.1025
0.255587 11.2207
0.25754 11.3447
0.259493 11.4243
0.261524 11.5068
0.263477 11.5931
0.26543 11.6327
0.267462 11.688
0.269415 11.6995
0.271446 11.7238
0.273399 11.7324
0.275352 11.7057
0.277384 11.6671
0.279337 11.6318
0.281368 11.5798
0.283321 11.5455
0.285275 11.4496
0.287306 11.3767
0.289259 11.288
0.29129 11.2021
0.293243 11.1058
0.295197 10.9952
0.297228 10.8798
0.299181 10.7496
0.301134 10.6333
0.303165 10.5184
0.305119 10.3891
0.30715 10.2618
0.309103 10.1369
0.311056 10.0019
0.313087 9.87319
0.315041 9.73681
0.317072 9.59949
0.319025 9.46263
0.320978 9.32911
0.323009 9.19608
0.324963 9.06352
0.326994 8.92857
0.328947 8.79506
0.3309 8.66822
0.332931 8.53804
0.334884 8.4093
0.336915 8.28293
0.338868 8.15323
0.340821 8.0364
0.342853 7.91195
0.344806 7.79465
0.346759 7.6783
0.34879 7.56195
0.350743 7.45037
0.352775 7.33927
0.354728 7.22769
0.356681 7.12564
0.358712 7.01454
0.360665 6.91345
0.362697 6.81188
0.36465 6.71365
0.366603 6.61638
0.368634 6.52101
0.370587 6.42755
0.372619 6.3379
0.374572 6.24397
0.376525 6.15957
0.378556 6.06802
0.380509 5.986
0.382541 5.90446
0.384494 5.82244
0.386447 5.74424
0.388478 5.667
0.390431 5.59022
0.392385 5.5144
0.394416 5.44145
0.396369 5.36944
0.3984 5.2984
0.400353 5.22925
0.402307 5.16107
0.404338 5.09431
0.406291 5.03041
0.408322 4.96604
0.410275 4.905
0.412229 4.84159
0.414259 4.78198
0.416212 4.72142
0.418243 4.66325
0.420197 4.6065
0.42215 4.55119
0.424181 4.49445
0.426134 4.44247
0.428087 4.38954
0.430119 4.33899
0.432072 4.28463
0.434103 4.236
0.436056 4.18688
0.438009 4.13825
0.440041 4.09009
0.441994 4.04383
0.444025 3.99806
0.445978 3.95371
0.447931 3.90889
0.449963 3.86549
0.451916 3.8221
0.453947 3.78014
0.4559 3.7377
0.457853 3.69717
0.459885 3.65616
0.461838 3.61802
0.463869 3.57844
0.465822 3.53981
0.467775 3.5031
0.469807 3.46543
0.47176 3.42967
0.473713 3.39295
0.475744 3.35862
0.477697 3.32285
0.479729 3.28757
0.481682 3.25467
0.483635 3.22129
0.485666 3.18791
0.487619 3.15644
0.489651 3.12401
0.491604 3.09301
0.493557 3.06154
0.495588 3.0315
0.497541 3.00146
0.499572 2.9719
0.501525 2.94233
0.503478 2.91468
0.505509 2.88416
0.507463 2.85746
0.509494 2.8298
0.511447 2.80262
0.5134 2.77544
0.515431 2.74826
0.517385 2.72299
0.519338 2.69724
0.521369 2.67101
0.523322 2.64526
0.525353 2.62142
0.527307 2.5971
0.52926 2.57183
0.531291 2.54847
0.533244 2.52605
0.535275 2.50126
0.537229 2.47932
0.539182 2.45453
0.541213 2.43259
0.543166 2.41161
0.545197 2.38968
0.547151 2.36727
0.549104 2.34724
0.551135 2.32674
0.553088 2.30528
0.555041 2.2843
0.557073 2.26522
0.559026 2.24472
0.561057 2.22565
0.56301 2.20514
0.564963 2.18702
0.566995 2.1689
0.568948 2.1484
0.570979 2.13028
0.572932 2.11216
0.574885 2.09404
0.576917 2.0764
0.57887 2.05732
0.580901 2.04063
0.582854 2.02394
0.584807 2.00678
0.586838 1.99057
0.588791 1.97388
0.590822 1.95671
0.592775 1.94145
0.594728 1.92572
0.59676 1.9095
0.598713 1.89377
0.600666 1.87803
0.602697 1.86229
0.60465 1.84894
0.606682 1.83368
0.608635 1.81985
0.610588 1.80364
0.612619 1.78981
0.614573 1.77598
0.616604 1.76216
0.618557 1.74737
0.62051 1.73402
0.622541 1.72115
0.624495 1.70732
0.626526 1.69445
0.628479 1.68157
0.630432 1.6687
0.632463 1.6563
0.634417 1.6439
0.636448 1.63103
0.638401 1.61863
0.640354 1.60766
0.642385 1.59526
0.644339 1.58382
0.646292 1.5719
0.648323 1.56093
0.650276 1.54996
0.652308 1.53852
0.654261 1.5266
0.656214 1.51754
0.658245 1.50514
0.660198 1.49513
0.66223 1.48559
0.664183 1.47558
0.666136 1.46556
0.668166 1.45412
0.67012 1.44411
0.672151 1.43505
0.674104 1.42551
0.676057 1.41597
0.678088 1.40644
0.680041 1.39785
0.681994 1.38927
0.684026 1.38069
0.685979 1.37163
0.68801 1.36209
0.689963 1.35398
0.691916 1.34588
0.693948 1.33825
0.695901 1.33014
0.697932 1.32108
0.699885 1.31393
0.697932 1.26338
0.695901 1.22858
0.693948 1.19949
0.691916 1.17374
