0.689963 1.04993
0.68801 1.02847
0.685979 1.00758
0.684026 0.988273
0.681994 0.97082
0.680041 0.953607
0.678088 0.937441
0.676057 0.920704
0.674104 0.905922
0.672151 0.890616
0.67012 0.876311
0.668166 0.861243
0.666136 0.84832
0.664183 0.835064
0.66223 0.821618
0.660198 0.809362
0.658245 0.796631
0.656214 0.784853
0.654261 0.773266
0.652308 0.762108
0.650276 0.750616
0.648323 0.739363
0.646292 0.728062
0.644339 0.716951
0.642385 0.705793
0.640354 0.696781
0.638401 0.685337
0.636448 0.675991
0.634417 0.665548
0.632463 0.656106
0.630432 0.646379
0.628479 0.636699
0.626526 0.628116
0.624495 0.618293
0.622541 0.60971
0.62051 0.60065
0.618557 0.590827
0.616604 0.584152
0.614573 0.574186
0.612619 0.566032
0.610588 0.557401
0.608635 0.550153
0.606682 0.542476
0.60465 0.532891
0.602697 0.525596
0.600666 0.517966
0.598713 0.510337
0.59676 0.503423
0.594728 0.495603
0.592775 0.488355
0.590822 0.480296
0.588791 0.473334
0.586838 0.466992
0.584807 0.459744
0.582854 0.452401
0.580901 0.444772
0.57887 0.438525
0.576917 0.432898
0.574885 0.425555
0.572932 0.41845
0.570979 0.411822
0.568948 0.405432
0.566995 0.400521
0.564963 0.393416
0.56301 0.387026
0.561057 0.381352
0.559026 0.374724
0.557073 0.369145
0.555041 0.362612
0.553088 0.356556
0.551135 0.35174
0.549104 0.345494
0.547151 0.339962
0.545197 0.33424
0.543166 0.328757
0.541213 0.323321
0.539182 0.316979
0.537229 0.313164
0.535275 0.3083
0.533244 0.301338
0.531291 0.296665
0.52926 0.291945
0.527307 0.286699
0.525353 0.28112
0.523322 0.27659
0.521369 0.271202
0.519338 0.267292
0.517385 0.261284
0.515431 0.257565
0.5134 0.252605
0.511447 0.24736
0.509494 0.241877
0.507463 0.238539
0.505509 0.23296
0.503478 0.229574
0.501525 0.224615
0.499572 0.220848
0.497541 0.215174
0.495588 0.211454
0.493557 0.207115
0.491604 0.202538
0.489651 0.198532
0.487619 0.193001
0.485666 0.18952
0.483635 0.185323
0.481682 0.181509
0.479729 0.177217
0.477697 0.172496
0.475744 0.169635
0.473713 0.16501
0.47176 0.161624
0.469807 0.156999
0.467775 0.152565
0.465822 0.149131
0.463869 0.144411
0.461838 0.141788
0.459885 0.137544
0.457853 0.133873
0.4559 0.129009
0.453947 0.126148
0.451916 0.122142
0.449963 0.118709
0.447931 0.113369
0.445978 0.110126
0.444025 0.105644
0.441994 0.102735
0.440041 0.0989203
0.438009 0.094152
0.436056 0.0904326
0.434103 0.0870948
0.432072 0.0819926
0.430119 0.0794177
0.428087 0.0740294
0.426134 0.0694995
0.424181 0.0653987
0.42215 0.0622988
0.420197 0.0571012
0.418243 0.0526667
0.416212 0.0493288
0.414259 0.045085
0.412229 0.0400782
0.410275 0.0354052
0.408322 0.0305891
0.406291 0.025773
0.404338 0.0202894
0.402307 0.0142336
0.400353 0.0109911
0.3984 0.00455379
0.396369 -0.00107288
0.394416 -0.00660419
0.392385 -0.0129461
0.390431 -0.0190496
0.388478 -0.02563
0.386447 -0.0326395
0.384494 -0.0398397
0.382541 -0.0474691
0.380509 -0.0546694
0.378556 -0.063539
0.376525 -0.0701671
0.374572 -0.0802283
0.372619 -0.0890498
0.370587 -0.0995879
0.368634 -0.110221
0.366603 -0.120903
0.36465 -0.132776
0.362697 -0.145269
0.360665 -0.157285
0.358712 -0.172782
0.356681 -0.184656
0.354728 -0.202394
0.352775 -0.218702
0.350743 -0.235535
0.34879 -0.254322
0.346759 -0.273396
0.344806 -0.295282
0.342853 -0.318839
0.340821 -0.340296
0.338868 -0.367667
0.336915 -0.39127
0.334884 -0.420214
0.332931 -0.450828
0.3309 -0.484397
0.328947 -0.519111
0.326994 -0.556352
0.324963 -0.59469
0.323009 -0.636508
0.320978 -0.681522
0.319025 -0.729397
0.317072 -0.778177
0.315041 -0.830058
0.313087 -0.888899
0.311056 -0.95189
0.309103 -1.01679
0.30715 -1.08545
0.305119 -1.16027
0.303165 -1.23604
0.301134 -1.32421
0.299181 -1.40851
0.297228 -1.49272
0.295197 -1.59233
0.293243 -1.69504
0.29129 -1.80877
0.289259 -1.93046
0.287306 -2.05105
0.285275 -2.18471
0.283321 -2.31059
0.281368 -2.47396
0.279337 -2.62488
0.277384 -2.78705
0.275352 -2.95147
0.273399 -3.1257
0.271446 -3.32269
0.269415 -3.52506
0.267462 -3.72242
0.26543 -3.94959
0.263477 -4.16316
0.261524 -4.41117
0.259493 -4.64992
0.25754 -4.89077
0.255587 -5.16572
0.253555 -5.43184
0.251602 -5.71861
0.249571 -6.02178
0.247618 -6.33504
0.245665 -6.64785
0.243634 -6.96352
0.241681 -7.29588
0.23965 -7.64206
0.237697 -7.99635
0.235744 -8.33968
0.233712 -8.70398
0.231759 -9.08497
0.229728 -9.46406
0.227775 -9.85173
0.225821 -10.2265
0.22379 -10.6276
0.221837 -11.0224
0.219806 -11.3948
0.217853 -11.7529
0.215899 -12.1563
0.213868 -12.5435
0.211915 -12.9512
0.209962 -13.2974
0.207931 -13.7122
0.205977 -14.077
0.203946 -14.4451
0.201993 -14.8008
0.20004 -15.1404
0.198009 -15.4846
0.196055 -15.8122
0.194024 -16.1083
0.192071 -16.445
0.190118 -16.7072
0.188087 -16.991
0.186133 -17.2346
0.184102 -17.4978
0.182149 -17.721
0.180196 -17.9275
0.178164 -18.0801
0.176211 -18.2589
0.17418 -18.431
0.172227 -18.5779
0.170274 -18.6947
0.168242 -18.7944
0.166289 -18.8874
0.164336 -18.9713
0.162305 -19.0237
0.160352 -19.0638
0.158321 -19.09
0.156368 -19.0924
0.154415 -19.1086
0.152384 -19.0981
0.150431 -19.0767
0.148399 -19.0418
0.146446 -18.9808
0.144493 -18.9408
0.142462 -18.875
0.140509 -18.8006
0.138477 -18.6957
0.136524 -18.5931
0.134571 -18.5273
0.13254 -18.4243
0.130587 -18.3233
0.128633 -18.2079
0.126602 -18.0953
0.124649 -17.9852
0.122618 -17.8707
0.120665 -17.7406
0.118711 -17.6266
0.11668 -17.4926
0.114727 -17.3786
0.112696 -17.2485
0.110743 -17.1264
0.108789 -16.9981
0.106758 -16.8751
0.104805 -16.7444
0.102774 -16.6257
0.100821 -16.5017
0.0988674 -16.3692
0.0968361 -16.2476
0.094883 -16.1307
0.0928516 -16.0149
0.0908985 -15.899
0.0889454 -15.7788
0.0869141 -15.6649
0.0849609 -15.5557
0.0830078 -15.4436
0.0809765 -15.3344
0.0790234 -15.2252
0.076993 -15.1218
0.0750389 -15.0188
0.0730858 -14.9143
0.0710554 -14.8175
0.0691023 -14.7184
0.067071 -14.6206
0.0651178 -14.5281
0.0631647 -14.4294
0.0611334 -14.3421
0.0591803 -14.2429
0.0571489 -14.1576
0.0551958 -14.0737
0.0532427 -13.9878
0.0512114 -13.9068
0.0492582 -13.8262
0.0472269 -13.7432
0.0452738 -13.6674
0.0433207 -13.5868
0.0412893 -13.5124
0.0393362 -13.4371
0.0373831 -13.3656
0.0353518 -13.2959
0.0333986 -13.2254
0.0313673 -13.1538
0.0294142 -13.088
0.0274611 -13.0222
0.0254297 -12.9574
0.0234766 -12.8921
0.0214453 -12.8301
0.0194921 -12.7657
0.017539 -12.7075
0.0155077 -12.647
0.0135546 -12.5893
0.0115232 -12.5335
0.00957012 -12.4758
0.007617 -12.4238
0.00558567 -12.3671
0.00363255 -12.3165
0.00167942 -12.2622
-0.000351906 -12.2097
-0.00230503 -12.1611
-0.00433636 -12.1105
-0.00628948 -12.0619
-0.00824261 -12.0147
-0.010273 -11.966
-0.0122261 -11.9217
-0.0142574 -11.8759
-0.0162106 -11.8306
-0.0181637 -11.7882
-0.020195 -11.7414
-0.0221481 -11.7014
-0.0241795 -11.6589
-0.0261326 -11.6175
-0.0280857 -11.5774
-0.030117 -11.5374
-0.0320702 -11.4983
-0.0341015 -11.4587
-0.0360546 -11.4224
-0.0380077 -11.3843
-0.0400391 -11.3476
-0.0419922 -11.3123
-0.0439453 -11.278
-0.0459766 -11.2427
-0.0479298 -11.2093
-0.0499611 -11.1731
-0.0519142 -11.1411
-0.0538673 -11.1068
-0.0558987 -11.0758
-0.0578518 -11.0438
-0.0598831 -11.0128
-0.0618362 -10.9828
-0.0637894 -10.9499
-0.0658207 -10.9218
-0.0677738 -10.8912
-0.0698051 -10.8641
-0.0717583 -10.8345
-0.0737114 -10.8059
-0.0757427 -10.7797
-0.0776958 -10.7511
-0.0797272 -10.7243
-0.0816803 -10.6991
-0.0836334 -10.6733
-0.0856647 -10.6481
-0.0876179 -10.6237
-0.089571 -10.598
-0.0916023 -10.5732
-0.0935555 -10.5493
-0.0955858 -10.526
-0.0975389 -10.5017
-0.0994921 -10.4773
-0.0975389 -10.3658
-0.0955858 -10.2828
-0.0935555 -10.2117
-0.0916023 -10.1498
-0.089571 -10.0911
-0.0876179 -10.0358
-0.0856647 -9.98668
-0.0836334 -9.93613
-0.0816803 -9.88988
-0.0797272 -9.84506
-0.0776958 -9.80166
-0.0757427 -9.76066
-0.0737114 -9.71917
-0.0717583 -9.68055
-0.0698051 -9.64097
-0.0677738 -9.60425
-0.0658207 -9.56706
-0.0637894 -9.52939
-0.0618362 -9.49649
-0.0598831 -9.46073
-0.0578518 -9.42687
-0.0558987 -9.3954
-0.0538673 -9.36249
-0.0519142 -9.32959
-0.0499611 -9.29717
-0.0479298 -9.26522
-0.0459766 -9.2347
-0.0439453 -9.20514
-0.0419922 -9.17223
-0.0400391 -9.1441
-0.0380077 -9.11549
-0.0360546 -9.08688
-0.0341015 -9.05779
-0.0320702 -9.02966
-0.030117 -9.00057
-0.0280857 -8.97292
-0.0261326 -8.94669
-0.0241795 -8.91903
-0.0221481 -8.89138
-0.020195 -8.86324
-0.0181637 -8.84083
-0.0162106 -8.81365
-0.0142574 -8.7879
-0.0122261 -8.7612
-0.010273 -8.73211
-0.00824261 -8.70875
-0.00628948 -8.68443
-0.00433636 -8.6582
-0.00230503 -8.6315
-0.000351906 -8.60337
0.00167942 -8.58143
0.00363255 -8.55664
0.00558567 -8.53041
0.007617 -8.50562
0.00957012 -8.48034
0.0115232 -8.45603
0.0135546 -8.43075
0.0155077 -8.40596
0.017539 -8.38164
0.0194921 -8.35494
0.0214453 -8.33348
0.0234766 -8.30678
0.0254297 -8.28341
0.0274611 -8.2548
0.0294142 -8.23
0.0313673 -8.20235
0.0333986 -8.17851
0.0353518 -8.1518
0.0373831 -8.12414
0.0393362 -8.09839
0.0412893 -8.07217
0.0433207 -8.04499
0.0452738 -8.01828
0.0472269 -7.98729
0.0492582 -7.96106
0.0512114 -7.93293
0.0532427 -7.90337
0.0551958 -7.87428
0.0571489 -7.84424
0.0591803 -7.8142
0.0611334 -7.78749
0.0631647 -7.75221
0.0651178 -7.72169
0.067071 -7.68831
0.0691023 -7.65446
0.0710554 -7.61869
0.0730858 -7.57959
0.0750389 -7.54574
0.076993 -7.50616
0.0790234 -7.46897
0.0809765 -7.42891
0.0830078 -7.38647
0.0849609 -7.34451
0.0869141 -7.30017
0.0889454 -7.25534
0.0908985 -7.20861
0.0928516 -7.15855
0.094883 -7.10609
0.0968361 -7.05507
0.0988674 -6.99928
0.100821 -6.94731
0.102774 -6.8877
0.104805 -6.82094
0.106758 -6.75895
0.108789 -6.69124
0.110743 -6.62115
0.112696 -6.5439
0.114727 -6.46999
0.11668 -6.38463
0.118711 -6.305
0.120665 -6.21297
0.122618 -6.12714
0.124649 -6.0251
0.126602 -5.9202
0.128633 -5.81672
0.130587 -5.708
0.13254 -5.58831
0.134571 -5.4672
0.136524 -5.32224
0.138477 -5.20494
0.140509 -5.07857
0.142462 -4.93123
0.144493 -4.77101
0.146446 -4.59935
0.148399 -4.44057
0.150431 -4.26651
0.152384 -4.07578
0.154415 -3.88218
0.156368 -3.67238
0.158321 -3.47306
0.160352 -3.25943
0.162305 -3.03389
0.164336 -2.80262
0.166289 -2.54942
0.168242 -2.29813
0.170274 -2.03777
0.172227 -1.77455
0.17418 -1.49084
0.176211 -1.1952
0.178164 -0.899558
0.180196 -0.625854
0.182149 -0.307798
0.184102 0.0150204
0.186133 0.356413
0.188087 0.680664
0.190118 1.03228
0.192071 1.36707
0.194024 1.75102
0.196055 2.09406
0.198009 2.45579
0.20004 2.82959
0.201993 3.19537
0.203946 3.5633
0.205977 3.94377
0.207931 4.31003
0.209962 4.72083
0.211915 5.05337
0.213868 5.44338
0.215899 5.80911
0.217853 6.16984
0.219806 6.50671
0.221837 6.84335
0.22379 7.20337
0.225821 7.54669
0.227775 7.8657
0.229728 8.19758
0.231759 8.49894
0.233712 8.80698
0.235744 9.09546
0.237697 9.34866
0.23965 9.60568
0.241681 9.85793
0.243634 10.0835
0.245665 10.2847
0.247618 10.4826
0.249571 10.6657
0.251602 10.8402
0.253555 10.9914
0.255587 11.1101
0.25754 11.2312
0.259493 11.3118
0.261524 11.3924
0.263477 11.4763
0.26543 11.5145
0.267462 11.5717
0.269415 11.5807
0.271446 11.6032
0.273399 11.6098
0.275352 11.5874
0.277384 11.5488
0.279337 11.5135
0.281368 11.4582
0.283321 11.4215
0.285275 11.3299
0.287306 11.2536
0.289259 11.1678
0.29129 11.0815
0.293243 10.9842
0.295197 10.8712
0.297228 10.7563
0.299181 10.6252
0.301134 10.5088
0.303165 10.3934
0.305119 10.2628
0.30715 10.1335
0.309103 10.0024
0.311056 9.87081
0.313087 9.74111
0.315041 9.60473
0.317072 9.46597
0.319025 9.32768
0.320978 9.19178
0.323009 9.05922
0.324963 8.92333
0.326994 8.78647
0.328947 8.65344
0.3309 8.52374
0.332931 8.39356
0.334884 8.26195
0.336915 8.13607
0.338868 8.00303
0.340821 7.88429
0.342853 7.75936
0.344806 7.64063
0.346759 7.52428
0.34879 7.40746
0.350743 7.29254
0.352775 7.18048
0.354728 7.06747
0.356681 6.96352
0.358712 6.85146
0.360665 6.74894
0.362697 6.64737
0.36465 6.54724
0.366603 6.44853
0.368634 6.35078
0.370587 6.25589
0.372619 6.16434
0.374572 6.07088
0.376525 5.98457
0.378556 5.89159
0.380509 5.80814
0.382541 5.72517
0.384494 5.6422
0.386447 5.56161
0.388478 5.48293
0.390431 5.40664
0.392385 5.32987
0.394416 5.25596
0.396369 5.183
0.3984 5.11147
0.400353 5.0409
0.402307 4.97176
0.404338 4.905
0.406291 4.83825
0.408322 4.77292
0.410275 4.71045
0.412229 4.64799
0.414259 4.586
0.416212 4.52592
0.418243 4.46631
0.420197 4.40957
0.42215 4.35282
0.424181 4.29656
0.426134 4.24267
0.428087 4.18974
0.430119 4.13825
0.432072 4.08341
0.434103 4.03334
0.436056 3.98375
0.438009 3.93416
0.440041 3.88695
0.441994 3.83975
0.444025 3.79302
0.445978 3.74772
0.447931 3.70194
0.449963 3.65759
0.451916 3.6142
0.453947 3.57129
0.4559 3.52885
0.457853 3.48784
0.459885 3.44683
0.461838 3.40678
0.463869 3.3672
0.465822 3.32762
0.467775 3.29043
0.469807 3.25371
0.47176 3.21604
0.473713 3.1798
0.475744 3.14309
0.477697 3.10875
0.479729 3.07394
0.481682 3.04008
0.483635 3.00671
0.485666 2.97333
0.487619 2.94043
0.489651 2.908
0.491604 2.87701
0.493557 2.84601
0.495588 2.81406
0.497541 2.7845
0.499572 2.75351
0.501525 2.72442
0.503478 2.69629
0.505509 2.66672
0.507463 2.63859
0.509494 2.61189
0.511447 2.58518
0.5134 2.55705
0.515431 2.53082
0.517385 2.50412
0.519338 2.47885
0.521369 2.45167
0.523322 2.42783
0.525353 2.40351
0.527307 2.37871
0.52926 2.35487
0.531291 2.33007
0.533244 2.30671
0.535275 2.28477
0.537229 2.26189
0.539182 2.23757
0.541213 2.21516
0.543166 2.1937
0.545197 2.17272
0.547151 2.15221
0.549104 2.13028
0.551135 2.10978
0.553088 2.08927
0.555041 2.06829
0.557073 2.04922
0.559026 2.02919
0.561057 2.01012
0.56301 1.99009
0.564963 1.97149
0.566995 1.95433
0.568948 1.93478
0.570979 1.91666
0.572932 1.89854
0.574885 1.88089
0.576917 1.86325
0.57887 1.84465
0.580901 1.82939
0.582854 1.81127
0.584807 1.79554
0.586838 1.77837
0.588791 1.76216
0.590822 1.74547
0.592775 1.73021
0.594728 1.71495
0.59676 1.69969
0.598713 1.68396
0.600666 1.66917
0.602697 1.65534
0.60465 1.64009
0.606682 1.62578
0.608635 1.61243
0.610588 1.59669
0.612619 1.58525
0.614573 1.56951
0.616604 1.55664
0.618557 1.54377
0.62051 1.52994
0.622541 1.51706
0.624495 1.50514
0.626526 1.49131
0.628479 1.47939
0.630432 1.46699
0.632463 1.4546
0.634417 1.44268
0.636448 1.43171
0.638401 1.41883
0.640354 1.40882
0.642385 1.39642
0.644339 1.38593
0.646292 1.37449
0.648323 1.36352
0.650276 1.35303
0.652308 1.34159
0.654261 1.33253
0.656214 1.32204
0.658245 1.31155
0.660198 1.30201
0.66223 1.292
0.664183 1.28246
0.666136 1.27388
0.668166 1.26386
0.67012 1.25528
0.672151 1.24383
0.674104 1.23621
0.676057 1.22762
0.678088 1.21904
0.680041 1.21093
0.681994 1.19985
0.684026 1.19031
0.685979 1.18287
0.68801 1.17434
0.689963 1.16742
0.691916 1.15917
0.693948 1.15273
0.695901 1.14363
0.697932 1.13662
0.699885 1.12961
0.697932 1.0793
0.695901 1.04521
0.693948 1.01622
0.691916 0.990943
